0.333347536580196	0.33330492683960794	0.333347536580196		2gram_menor/Reuters_Maid/alum
0.33335517942185133	0.3332896411562974	0.33335517942185133		2gram_menor/Reuters_Maid/alum
0.3333328408743397	0.3333343182513206	0.3333328408743397		2gram_menor/Reuters_Maid/alum
0.33333452683706266	0.3333309463258746	0.33333452683706266		2gram_menor/Reuters_Maid/alum
0.3333347476995538	0.3333305046008925	0.3333347476995538		2gram_menor/Reuters_Maid/alum
0.333333762551557	0.33333247489688594	0.333333762551557		2gram_menor/Reuters_Maid/alum
0.33333482027869277	0.33333035944261463	0.33333482027869277		2gram_menor/Reuters_Maid/alum
0.33333983779016385	0.33332032441967246	0.33333983779016385		2gram_menor/Reuters_Maid/alum
0.3334684627349731	0.3330630745300539	0.3334684627349731		2gram_menor/Reuters_Maid/alum
0.3333364689867709	0.3333270620264582	0.3333364689867709		2gram_menor/Reuters_Maid/alum
0.3333344237460013	0.33333115250799733	0.3333344237460013		2gram_menor/Reuters_Maid/alum
0.3333358317788138	0.33332833644237236	0.3333358317788138		2gram_menor/Reuters_Maid/alum
0.33333746222801175	0.33332507554397645	0.33333746222801175		2gram_menor/Reuters_Maid/alum
0.3333373465978207	0.33332530680435873	0.3333373465978207		2gram_menor/Reuters_Maid/alum
0.3333376220136058	0.33332475597278843	0.3333376220136058		2gram_menor/Reuters_Maid/alum
0.3333378783870816	0.3333242432258368	0.3333378783870816		2gram_menor/Reuters_Maid/alum
0.33333705457356744	0.33332589085286524	0.33333705457356744		2gram_menor/Reuters_Maid/alum
0.33333999614065646	0.33332000771868703	0.33333999614065646		2gram_menor/Reuters_Maid/alum
0.333338847322931	0.33332230535413815	0.333338847322931		2gram_menor/Reuters_Maid/alum
0.33332815291569734	0.3333436941686053	0.33332815291569734		2gram_menor/Reuters_Maid/alum
0.3333390275813133	0.33332194483737343	0.3333390275813133		2gram_menor/Reuters_Maid/alum
0.33333420340643344	0.33333159318713323	0.33333420340643344		2gram_menor/Reuters_Maid/alum
0.3333344094566173	0.33333118108676535	0.3333344094566173		2gram_menor/Reuters_Maid/alum
0.3333384691103508	0.33332306177929827	0.3333384691103508		2gram_menor/Reuters_Maid/barley
0.3333354549422505	0.33332909011549916	0.3333354549422505		2gram_menor/Reuters_Maid/barley
0.33333623744440943	0.3333275251111812	0.33333623744440943		2gram_menor/Reuters_Maid/barley
0.3333333430522169	0.3333333138955663	0.3333333430522169		2gram_menor/Reuters_Maid/barley
0.3333369202266708	0.33332615954665845	0.3333369202266708		2gram_menor/Reuters_Maid/barley
0.3333452773000462	0.3333094453999075	0.3333452773000462		2gram_menor/Reuters_Maid/barley
0.3333358623154714	0.3333282753690573	0.3333358623154714		2gram_menor/Reuters_Maid/barley
0.3333351264071983	0.33332974718560343	0.3333351264071983		2gram_menor/Reuters_Maid/barley
0.3333410097526798	0.33331798049464045	0.3333410097526798		2gram_menor/Reuters_Maid/barley
0.33333606872450305	0.33332786255099395	0.33333606872450305		2gram_menor/Reuters_Maid/barley
0.3333324194418346	0.3333351611163307	0.3333324194418346		2gram_menor/Reuters_Maid/barley
0.3333358498178116	0.3333283003643767	0.3333358498178116		2gram_menor/Reuters_Maid/barley
0.3333334037450044	0.3333331925099912	0.3333334037450044		2gram_menor/Reuters_Maid/barley
0.33333466416780877	0.3333306716643825	0.33333466416780877		2gram_menor/Reuters_Maid/barley
0.3333343500810989	0.3333312998378022	0.3333343500810989		2gram_menor/Reuters_Maid/bop
0.33333354196298637	0.33333291607402726	0.33333354196298637		2gram_menor/Reuters_Maid/bop
0.3333436939842573	0.33331261203148543	0.3333436939842573		2gram_menor/Reuters_Maid/bop
0.3333354549422505	0.33332909011549916	0.3333354549422505		2gram_menor/Reuters_Maid/bop
0.33333127221704445	0.3333374555659112	0.33333127221704445		2gram_menor/Reuters_Maid/bop
0.3333268425754685	0.3333463148490629	0.3333268425754685		2gram_menor/Reuters_Maid/bop
0.3333315020975187	0.33333699580496245	0.3333315020975187		2gram_menor/Reuters_Maid/bop
0.332885911542937	0.3342281769141259	0.332885911542937		2gram_menor/Reuters_Maid/bop
0.3333344267546017	0.33333114649079665	0.3333344267546017		2gram_menor/Reuters_Maid/bop
0.3333361639968082	0.33332767200638347	0.3333361639968082		2gram_menor/Reuters_Maid/bop
0.3333343407593049	0.33333131848139025	0.3333343407593049		2gram_menor/Reuters_Maid/bop
0.33333679377683617	0.33332641244632755	0.33333679377683617		2gram_menor/Reuters_Maid/bop
0.3333362828131601	0.33332743437367995	0.3333362828131601		2gram_menor/Reuters_Maid/bop
0.3333389038530316	0.3333221922939367	0.3333389038530316		2gram_menor/Reuters_Maid/bop
0.333333664790291	0.33333267041941805	0.333333664790291		2gram_menor/Reuters_Maid/bop
0.33333533694715317	0.3333293261056937	0.33333533694715317		2gram_menor/Reuters_Maid/bop
0.33333525336721864	0.3333294932655627	0.33333525336721864		2gram_menor/Reuters_Maid/bop
0.3333255916992108	0.3333488166015784	0.3333255916992108		2gram_menor/Reuters_Maid/bop
0.33333004051581644	0.33333991896836707	0.33333004051581644		2gram_menor/Reuters_Maid/bop
0.3333362512200001	0.33332749755999974	0.3333362512200001		2gram_menor/Reuters_Maid/bop
0.3333308190101989	0.3333383619796021	0.3333308190101989		2gram_menor/Reuters_Maid/bop
0.33332592849448234	0.3333481430110354	0.33332592849448234		2gram_menor/Reuters_Maid/bop
0.3333342251194543	0.3333315497610914	0.3333342251194543		2gram_menor/Reuters_Maid/bop
0.3333343619947476	0.3333312760105049	0.3333343619947476		2gram_menor/Reuters_Maid/bop
0.3333344772116381	0.3333310455767239	0.3333344772116381		2gram_menor/Reuters_Maid/bop
0.3333402662630947	0.33331946747381064	0.3333402662630947		2gram_menor/Reuters_Maid/bop
0.3333354206721973	0.33332915865560536	0.3333354206721973		2gram_menor/Reuters_Maid/bop
0.33333204569400005	0.3333359086119999	0.33333204569400005		2gram_menor/Reuters_Maid/bop
0.3333359748329092	0.33332805033418134	0.3333359748329092		2gram_menor/Reuters_Maid/bop
0.3333229248524889	0.3333541502950222	0.3333229248524889		2gram_menor/Reuters_Maid/bop
0.3333383257376403	0.33332334852471956	0.3333383257376403		2gram_menor/Reuters_Maid/carcass
0.333331527771736	0.33333694445652795	0.333331527771736		2gram_menor/Reuters_Maid/carcass
0.3333344834055005	0.33333103318899904	0.3333344834055005		2gram_menor/Reuters_Maid/carcass
0.3333332953999154	0.3333334092001692	0.3333332953999154		2gram_menor/Reuters_Maid/carcass
0.3333340440987574	0.3333319118024853	0.3333340440987574		2gram_menor/Reuters_Maid/carcass
0.33333314694066574	0.33333370611866864	0.33333314694066574		2gram_menor/Reuters_Maid/carcass
0.3333373146528996	0.33332537069420076	0.3333373146528996		2gram_menor/Reuters_Maid/carcass
0.33333418938961357	0.3333316212207729	0.33333418938961357		2gram_menor/Reuters_Maid/carcass
0.3333288038939939	0.3333423922120122	0.3333288038939939		2gram_menor/Reuters_Maid/carcass
0.3333316909177765	0.3333366181644469	0.3333316909177765		2gram_menor/Reuters_Maid/carcass
0.3333317491018566	0.3333365017962868	0.3333317491018566		2gram_menor/Reuters_Maid/carcass
0.33333531639440844	0.33332936721118306	0.33333531639440844		2gram_menor/Reuters_Maid/carcass
0.33333496869620716	0.33333006260758563	0.33333496869620716		2gram_menor/Reuters_Maid/carcass
0.3333370301965714	0.33332593960685736	0.3333370301965714		2gram_menor/Reuters_Maid/carcass
0.3333316040884883	0.33333679182302334	0.3333316040884883		2gram_menor/Reuters_Maid/carcass
0.33333805489739315	0.3333238902052138	0.33333805489739315		2gram_menor/Reuters_Maid/carcass
0.33332999618856357	0.33334000762287275	0.33332999618856357		2gram_menor/Reuters_Maid/carcass
0.3333315826150383	0.33333683476992343	0.3333315826150383		2gram_menor/Reuters_Maid/carcass
0.3333423365201671	0.3333153269596658	0.3333423365201671		2gram_menor/Reuters_Maid/cocoa
0.3333444651849167	0.3333110696301666	0.3333444651849167		2gram_menor/Reuters_Maid/cocoa
0.33333781600688894	0.33332436798622206	0.33333781600688894		2gram_menor/Reuters_Maid/cocoa
0.33333450351546146	0.3333309929690771	0.33333450351546146		2gram_menor/Reuters_Maid/cocoa
0.3333340356147083	0.3333319287705834	0.3333340356147083		2gram_menor/Reuters_Maid/cocoa
0.3333406016324715	0.33331879673505704	0.3333406016324715		2gram_menor/Reuters_Maid/cocoa
0.33334166432651735	0.33331667134696524	0.33334166432651735		2gram_menor/Reuters_Maid/cocoa
0.3333336278550432	0.3333327442899137	0.3333336278550432		2gram_menor/Reuters_Maid/cocoa
0.33333989441385	0.3333202111723	0.33333989441385		2gram_menor/Reuters_Maid/cocoa
0.3333280304660099	0.3333439390679804	0.3333280304660099		2gram_menor/Reuters_Maid/cocoa
0.33333614366380104	0.3333277126723979	0.33333614366380104		2gram_menor/Reuters_Maid/cocoa
0.33333678788540183	0.3333264242291963	0.33333678788540183		2gram_menor/Reuters_Maid/cocoa
0.33333603645125615	0.3333279270974878	0.33333603645125615		2gram_menor/Reuters_Maid/cocoa
0.33333603645125615	0.3333279270974878	0.33333603645125615		2gram_menor/Reuters_Maid/cocoa
0.3333357619312383	0.3333284761375235	0.3333357619312383		2gram_menor/Reuters_Maid/cocoa
0.33332957773851396	0.33334084452297214	0.33332957773851396		2gram_menor/Reuters_Maid/cocoa
0.3333344772116381	0.3333310455767239	0.3333344772116381		2gram_menor/Reuters_Maid/cocoa
0.3333362469831274	0.3333275060337453	0.3333362469831274		2gram_menor/Reuters_Maid/cocoa
0.33333680446771535	0.3333263910645693	0.33333680446771535		2gram_menor/Reuters_Maid/coffee
0.3333312323257475	0.3333375353485051	0.3333312323257475		2gram_menor/Reuters_Maid/coffee
0.3333227258829243	0.3333545482341513	0.3333227258829243		2gram_menor/Reuters_Maid/coffee
0.3333412276960074	0.33331754460798524	0.3333412276960074		2gram_menor/Reuters_Maid/coffee
0.3333376287995539	0.33332474240089216	0.3333376287995539		2gram_menor/Reuters_Maid/coffee
0.3333360407539665	0.3333279184920671	0.3333360407539665		2gram_menor/Reuters_Maid/coffee
0.3333405548938894	0.3333188902122212	0.3333405548938894		2gram_menor/Reuters_Maid/coffee
0.33333781033832355	0.333324379323353	0.33333781033832355		2gram_menor/Reuters_Maid/coffee
0.3333351975216803	0.3333296049566393	0.3333351975216803		2gram_menor/Reuters_Maid/coffee
0.33333415797973254	0.333331684040535	0.33333415797973254		2gram_menor/Reuters_Maid/coffee
0.3333384106751226	0.3333231786497548	0.3333384106751226		2gram_menor/Reuters_Maid/coffee
0.33333437193177695	0.33333125613644604	0.33333437193177695		2gram_menor/Reuters_Maid/coffee
0.3333336278550432	0.3333327442899137	0.3333336278550432		2gram_menor/Reuters_Maid/coffee
0.3333343630795362	0.33333127384092776	0.3333343630795362		2gram_menor/Reuters_Maid/coffee
0.33332292291003046	0.33335415417993897	0.33332292291003046		2gram_menor/Reuters_Maid/coffee
0.33333706402834	0.33332587194332014	0.33333706402834		2gram_menor/Reuters_Maid/coffee
0.3333254004099875	0.333349199180025	0.3333254004099875		2gram_menor/Reuters_Maid/coffee
0.3333271032571317	0.3333457934857367	0.3333271032571317		2gram_menor/Reuters_Maid/coffee
0.333341567630462	0.333316864739076	0.333341567630462		2gram_menor/Reuters_Maid/coffee
0.3333356956309564	0.33332860873808723	0.3333356956309564		2gram_menor/Reuters_Maid/coffee
0.3333344772116381	0.3333310455767239	0.3333344772116381		2gram_menor/Reuters_Maid/coffee
0.3333311917662538	0.3333376164674923	0.3333311917662538		2gram_menor/Reuters_Maid/coffee
0.3333340479586368	0.33333190408272634	0.3333340479586368		2gram_menor/Reuters_Maid/coffee
0.3333336604069094	0.3333326791861812	0.3333336604069094		2gram_menor/Reuters_Maid/coffee
0.33333754593786846	0.33332490812426296	0.33333754593786846		2gram_menor/Reuters_Maid/coffee
0.33333052844393446	0.3333389431121311	0.33333052844393446		2gram_menor/Reuters_Maid/coffee
0.3333347487039015	0.333330502592197	0.3333347487039015		2gram_menor/Reuters_Maid/coffee
0.3333341440164332	0.3333317119671336	0.3333341440164332		2gram_menor/Reuters_Maid/coffee
0.33333531555849877	0.3333293688830024	0.33333531555849877		2gram_menor/Reuters_Maid/copper
0.3333300448692104	0.33333991026157905	0.3333300448692104		2gram_menor/Reuters_Maid/copper
0.33333910340512785	0.33332179318974425	0.33333910340512785		2gram_menor/Reuters_Maid/copper
0.3333365235843085	0.3333269528313831	0.3333365235843085		2gram_menor/Reuters_Maid/copper
0.33333622978250094	0.333327540434998	0.33333622978250094		2gram_menor/Reuters_Maid/copper
0.3333380486513799	0.3333239026972402	0.3333380486513799		2gram_menor/Reuters_Maid/copper
0.3333366504377206	0.33332669912455887	0.3333366504377206		2gram_menor/Reuters_Maid/copper
0.3333306777385311	0.3333386445229379	0.3333306777385311		2gram_menor/Reuters_Maid/copper
0.3334684627349731	0.3330630745300539	0.3334684627349731		2gram_menor/Reuters_Maid/copper
0.33334568381561186	0.3333086323687763	0.33334568381561186		2gram_menor/Reuters_Maid/copper
0.3333424231944759	0.33331515361104813	0.3333424231944759		2gram_menor/Reuters_Maid/copper
0.33333803702098347	0.33332392595803323	0.33333803702098347		2gram_menor/Reuters_Maid/copper
0.3333366767412024	0.3333266465175952	0.3333366767412024		2gram_menor/Reuters_Maid/copper
0.3333371690380596	0.33332566192388074	0.3333371690380596		2gram_menor/Reuters_Maid/copper
0.3333373198174405	0.33332536036511917	0.3333373198174405		2gram_menor/Reuters_Maid/copper
0.33333654390092776	0.33332691219814464	0.33333654390092776		2gram_menor/Reuters_Maid/copper
0.3333353081213921	0.3333293837572157	0.3333353081213921		2gram_menor/Reuters_Maid/copper
0.333332764802939	0.333334470394122	0.333332764802939		2gram_menor/Reuters_Maid/copper
0.33333162736464667	0.33333674527070684	0.33333162736464667		2gram_menor/Reuters_Maid/corn
0.33333462791540036	0.33333074416919933	0.33333462791540036		2gram_menor/Reuters_Maid/corn
0.3333329421037088	0.3333341157925824	0.3333329421037088		2gram_menor/Reuters_Maid/corn
0.3333350364547384	0.3333299270905233	0.3333350364547384		2gram_menor/Reuters_Maid/corn
0.33333235876127415	0.33333528247745164	0.33333235876127415		2gram_menor/Reuters_Maid/corn
0.33333797817510974	0.3333240436497806	0.33333797817510974		2gram_menor/Reuters_Maid/corn
0.3333363509958895	0.3333272980082211	0.3333363509958895		2gram_menor/Reuters_Maid/corn
0.3333384691103508	0.33332306177929827	0.3333384691103508		2gram_menor/Reuters_Maid/corn
0.3333356380879814	0.33332872382403733	0.3333356380879814		2gram_menor/Reuters_Maid/corn
0.33333623744440943	0.3333275251111812	0.33333623744440943		2gram_menor/Reuters_Maid/corn
0.3333351389545854	0.3333297220908293	0.3333351389545854		2gram_menor/Reuters_Maid/corn
0.3333361151711433	0.3333277696577134	0.3333361151711433		2gram_menor/Reuters_Maid/corn
0.33333507314764194	0.33332985370471596	0.33333507314764194		2gram_menor/Reuters_Maid/corn
0.3333371939137773	0.33332561217244544	0.3333371939137773		2gram_menor/Reuters_Maid/corn
0.33333384724839316	0.33333230550321374	0.33333384724839316		2gram_menor/Reuters_Maid/corn
0.33334199298983674	0.33331601402032646	0.33334199298983674		2gram_menor/Reuters_Maid/corn
0.33333699428260477	0.33332601143479046	0.33333699428260477		2gram_menor/Reuters_Maid/corn
0.3333449194638588	0.33331016107228245	0.3333449194638588		2gram_menor/Reuters_Maid/corn
0.3333392965953368	0.3333214068093262	0.3333392965953368		2gram_menor/Reuters_Maid/corn
0.33334306261593233	0.3333138747681353	0.33334306261593233		2gram_menor/Reuters_Maid/corn
0.3333347252923848	0.33333054941523055	0.3333347252923848		2gram_menor/Reuters_Maid/corn
0.33334483454016656	0.33331033091966683	0.33334483454016656		2gram_menor/Reuters_Maid/corn
0.33334727629963873	0.33330544740072265	0.33334727629963873		2gram_menor/Reuters_Maid/corn
0.333339159450483	0.3333216810990341	0.333339159450483		2gram_menor/Reuters_Maid/corn
0.33333485215828323	0.3333302956834336	0.33333485215828323		2gram_menor/Reuters_Maid/corn
0.3333323114385073	0.33333537712298533	0.3333323114385073		2gram_menor/Reuters_Maid/corn
0.3333386029835492	0.33332279403290155	0.3333386029835492		2gram_menor/Reuters_Maid/corn
0.33333753464957594	0.3333249307008481	0.33333753464957594		2gram_menor/Reuters_Maid/corn
0.3333366494614488	0.33332670107710244	0.3333366494614488		2gram_menor/Reuters_Maid/corn
0.33333663511437	0.33332672977126	0.33333663511437		2gram_menor/Reuters_Maid/corn
0.3333355360640614	0.3333289278718772	0.3333355360640614		2gram_menor/Reuters_Maid/corn
0.3333371115259018	0.33332577694819654	0.3333371115259018		2gram_menor/Reuters_Maid/corn
0.3333260095655659	0.333347980868868	0.3333260095655659		2gram_menor/Reuters_Maid/corn
0.33333760965088677	0.3333247806982263	0.33333760965088677		2gram_menor/Reuters_Maid/corn
0.33333677230769804	0.33332645538460387	0.33333677230769804		2gram_menor/Reuters_Maid/corn
0.33333538293095216	0.3333292341380957	0.33333538293095216		2gram_menor/Reuters_Maid/corn
0.33333086512552573	0.3333382697489483	0.33333086512552573		2gram_menor/Reuters_Maid/corn
0.3333344375031082	0.33333112499378353	0.3333344375031082		2gram_menor/Reuters_Maid/corn
0.333332088685287	0.33333582262942596	0.333332088685287		2gram_menor/Reuters_Maid/corn
0.3333309926041824	0.33333801479163516	0.3333309926041824		2gram_menor/Reuters_Maid/corn
0.3333336022827833	0.33333279543443334	0.3333336022827833		2gram_menor/Reuters_Maid/corn
0.33333575828459705	0.33332848343080584	0.33333575828459705		2gram_menor/Reuters_Maid/corn
0.33333691692079254	0.33332616615841487	0.33333691692079254		2gram_menor/Reuters_Maid/corn
0.3333354151100517	0.3333291697798966	0.3333354151100517		2gram_menor/Reuters_Maid/corn
0.33333068536450167	0.33333862927099667	0.33333068536450167		2gram_menor/Reuters_Maid/corn
0.3333386752555527	0.3333226494888946	0.3333386752555527		2gram_menor/Reuters_Maid/corn
0.3333355255126194	0.33332894897476106	0.3333355255126194		2gram_menor/Reuters_Maid/corn
0.33332897492106345	0.33334205015787305	0.33332897492106345		2gram_menor/Reuters_Maid/corn
0.33333582794857625	0.33332834410284756	0.33333582794857625		2gram_menor/Reuters_Maid/corn
0.33334383390381905	0.3333123321923619	0.33334383390381905		2gram_menor/Reuters_Maid/corn
0.33333817599129084	0.3333236480174184	0.33333817599129084		2gram_menor/Reuters_Maid/corn
0.333335157297478	0.333329685405044	0.333335157297478		2gram_menor/Reuters_Maid/corn
0.3333351720621932	0.3333296558756136	0.3333351720621932		2gram_menor/Reuters_Maid/corn
0.33333452736633495	0.33333094526733004	0.33333452736633495		2gram_menor/Reuters_Maid/corn
0.3333362506798096	0.33332749864038086	0.3333362506798096		2gram_menor/Reuters_Maid/corn
0.33334106234756566	0.3333178753048687	0.33334106234756566		2gram_menor/Reuters_Maid/corn
0.3333368539701929	0.3333262920596143	0.3333368539701929		2gram_menor/Reuters_Maid/cotton
0.3333360506723592	0.33332789865528156	0.3333360506723592		2gram_menor/Reuters_Maid/cotton
0.33333946247289586	0.3333210750542082	0.33333946247289586		2gram_menor/Reuters_Maid/cotton
0.33334156671640797	0.3333168665671842	0.33334156671640797		2gram_menor/Reuters_Maid/cotton
0.33333699428260477	0.33332601143479046	0.33333699428260477		2gram_menor/Reuters_Maid/cotton
0.3333449194638588	0.33331016107228245	0.3333449194638588		2gram_menor/Reuters_Maid/cotton
0.3333336777775267	0.33333264444494654	0.3333336777775267		2gram_menor/Reuters_Maid/cotton
0.33334306261593233	0.3333138747681353	0.33334306261593233		2gram_menor/Reuters_Maid/cotton
0.33334483454016656	0.33331033091966683	0.33334483454016656		2gram_menor/Reuters_Maid/cotton
0.33334052178368356	0.33331895643263276	0.33334052178368356		2gram_menor/Reuters_Maid/cotton
0.33333705754197873	0.33332588491604237	0.33333705754197873		2gram_menor/Reuters_Maid/cotton
0.33333684370616895	0.3333263125876621	0.33333684370616895		2gram_menor/Reuters_Maid/cotton
0.33333495594450646	0.33333008811098713	0.33333495594450646		2gram_menor/Reuters_Maid/cotton
0.33333134365475203	0.33333731269049577	0.33333134365475203		2gram_menor/Reuters_Maid/cotton
0.33333390462068596	0.33333219075862813	0.33333390462068596		2gram_menor/Reuters_Maid/cotton
0.33333055251770677	0.3333388949645863	0.33333055251770677		2gram_menor/Reuters_Maid/cotton
0.33333426085236256	0.33333147829527504	0.33333426085236256		2gram_menor/Reuters_Maid/cotton
0.33333411865129325	0.3333317626974135	0.33333411865129325		2gram_menor/Reuters_Maid/cotton
0.33333446706281533	0.33333106587436934	0.33333446706281533		2gram_menor/Reuters_Maid/cotton
0.33333541658656807	0.3333291668268637	0.33333541658656807		2gram_menor/Reuters_Maid/cotton
0.3333290454429268	0.3333419091141464	0.3333290454429268		2gram_menor/Reuters_Maid/cpi
0.3333356678892959	0.33332866422140806	0.3333356678892959		2gram_menor/Reuters_Maid/cpi
0.3333272096217584	0.33334558075648324	0.3333272096217584		2gram_menor/Reuters_Maid/cpi
0.3333268425754685	0.3333463148490629	0.3333268425754685		2gram_menor/Reuters_Maid/cpi
0.33333318118208694	0.33333363763582613	0.33333318118208694		2gram_menor/Reuters_Maid/cpi
0.3333354435470128	0.33332911290597456	0.3333354435470128		2gram_menor/Reuters_Maid/cpi
0.3333315020975187	0.33333699580496245	0.3333315020975187		2gram_menor/Reuters_Maid/cpi
0.332885911542937	0.3342281769141259	0.332885911542937		2gram_menor/Reuters_Maid/cpi
0.333327178128955	0.33334564374208997	0.333327178128955		2gram_menor/Reuters_Maid/cpi
0.3333361531149657	0.33332769377006854	0.3333361531149657		2gram_menor/Reuters_Maid/cpi
0.33331505832392194	0.3333698833521562	0.33331505832392194		2gram_menor/Reuters_Maid/cpi
0.33333559908192184	0.33332880183615643	0.33333559908192184		2gram_menor/Reuters_Maid/cpi
0.3333401306565406	0.33331973868691883	0.3333401306565406		2gram_menor/Reuters_Maid/cpi
0.3333387867873902	0.3333224264252196	0.3333387867873902		2gram_menor/Reuters_Maid/cpi
0.3333253742824627	0.3333492514350747	0.3333253742824627		2gram_menor/Reuters_Maid/cpi
0.3333347697209852	0.3333304605580296	0.3333347697209852		2gram_menor/Reuters_Maid/cpi
0.3333335783510572	0.33333284329788565	0.3333335783510572		2gram_menor/Reuters_Maid/cpi
0.33333296165026105	0.3333340766994779	0.33333296165026105		2gram_menor/Reuters_Maid/cpi
0.33332939561771596	0.333341208764568	0.33332939561771596		2gram_menor/Reuters_Maid/cpi
0.3333308190101989	0.3333383619796021	0.3333308190101989		2gram_menor/Reuters_Maid/cpi
0.33333483779875656	0.3333303244024868	0.33333483779875656		2gram_menor/Reuters_Maid/cpi
0.33333729416632785	0.3333254116673443	0.33333729416632785		2gram_menor/Reuters_Maid/cpi
0.3333389641579221	0.3333220716841556	0.3333389641579221		2gram_menor/Reuters_Maid/cpi
0.33333767580014856	0.333324648399703	0.33333767580014856		2gram_menor/Reuters_Maid/cpi
0.3333387227275329	0.3333225545449342	0.3333387227275329		2gram_menor/Reuters_Maid/cpi
0.3333401164625474	0.3333197670749052	0.3333401164625474		2gram_menor/Reuters_Maid/cpi
0.3333380020130535	0.33332399597389284	0.3333380020130535		2gram_menor/Reuters_Maid/cpi
0.33332414523516923	0.33335170952966164	0.33332414523516923		2gram_menor/Reuters_Maid/cpi
0.3333373824224539	0.3333252351550922	0.3333373824224539		2gram_menor/Reuters_Maid/dlr
0.3333238799360361	0.3333522401279278	0.3333238799360361		2gram_menor/Reuters_Maid/dlr
0.33333678638749337	0.3333264272250134	0.33333678638749337		2gram_menor/Reuters_Maid/dlr
0.333336960020063	0.33332607995987407	0.333336960020063		2gram_menor/Reuters_Maid/dlr
0.3333394148369928	0.3333211703260144	0.3333394148369928		2gram_menor/Reuters_Maid/dlr
0.3333379597470492	0.33332408050590145	0.3333379597470492		2gram_menor/Reuters_Maid/dlr
0.3333397205844778	0.33332055883104444	0.3333397205844778		2gram_menor/Reuters_Maid/dlr
0.3333350392329049	0.33332992153419017	0.3333350392329049		2gram_menor/Reuters_Maid/dlr
0.33333887616975455	0.33332224766049096	0.33333887616975455		2gram_menor/Reuters_Maid/dlr
0.33332874496101805	0.33334251007796395	0.33332874496101805		2gram_menor/Reuters_Maid/dlr
0.3333364232478606	0.3333271535042789	0.3333364232478606		2gram_menor/Reuters_Maid/dlr
0.33333508022773267	0.3333298395445346	0.33333508022773267		2gram_menor/Reuters_Maid/dlr
0.33333785819025097	0.3333242836194982	0.33333785819025097		2gram_menor/Reuters_Maid/dlr
0.3333383477872622	0.33332330442547564	0.3333383477872622		2gram_menor/Reuters_Maid/dlr
0.3333383477872622	0.33332330442547564	0.3333383477872622		2gram_menor/Reuters_Maid/dlr
0.3333383477872622	0.33332330442547564	0.3333383477872622		2gram_menor/Reuters_Maid/dlr
0.3333378440403938	0.33332431191921225	0.3333378440403938		2gram_menor/Reuters_Maid/dlr
0.33333495594450646	0.33333008811098713	0.33333495594450646		2gram_menor/Reuters_Maid/dlr
0.33332845493731195	0.33334309012537616	0.33332845493731195		2gram_menor/Reuters_Maid/dlr
0.33332845493731195	0.33334309012537616	0.33332845493731195		2gram_menor/Reuters_Maid/dlr
0.3333319866087864	0.33333602678242724	0.3333319866087864		2gram_menor/Reuters_Maid/dlr
0.3333423997395439	0.3333152005209122	0.3333423997395439		2gram_menor/Reuters_Maid/dlr
0.3333423997395439	0.3333152005209122	0.3333423997395439		2gram_menor/Reuters_Maid/dlr
0.3333417617587222	0.3333164764825556	0.3333417617587222		2gram_menor/Reuters_Maid/dlr
0.33333344372796625	0.33333311254406733	0.33333344372796625		2gram_menor/Reuters_Maid/dlr
0.33333344372796625	0.33333311254406733	0.33333344372796625		2gram_menor/Reuters_Maid/dlr
0.33333344372796625	0.33333311254406733	0.33333344372796625		2gram_menor/Reuters_Maid/dlr
0.3333306858206541	0.3333386283586916	0.3333306858206541		2gram_menor/Reuters_Maid/dlr
0.3333347384364975	0.3333305231270049	0.3333347384364975		2gram_menor/Reuters_Maid/dlr
0.3333347384364975	0.3333305231270049	0.3333347384364975		2gram_menor/Reuters_Maid/dlr
0.3333428066480239	0.3333143867039523	0.3333428066480239		2gram_menor/Reuters_Maid/dlr
0.3333362675192692	0.33332746496146165	0.3333362675192692		2gram_menor/Reuters_Maid/dlr
0.33333754064094284	0.3333249187181143	0.33333754064094284		2gram_menor/Reuters_Maid/dlr
0.33334151525750544	0.3333169694849892	0.33334151525750544		2gram_menor/Reuters_Maid/dlr
0.33333576019588707	0.33332847960822587	0.33333576019588707		2gram_menor/Reuters_Maid/dlr
0.33333677220037006	0.33332645559925994	0.33333677220037006		2gram_menor/Reuters_Maid/dlr
0.33332549293013297	0.333349014139734	0.33332549293013297		2gram_menor/Reuters_Maid/dlr
0.33333514573534984	0.3333297085293004	0.33333514573534984		2gram_menor/Reuters_Maid/dlr
0.3333389739263688	0.33332205214726224	0.3333389739263688		2gram_menor/Reuters_Maid/dlr
0.3333311613013447	0.33333767739731057	0.3333311613013447		2gram_menor/Reuters_Maid/dlr
0.33333918708264293	0.33332162583471425	0.33333918708264293		2gram_menor/Reuters_Maid/dlr
0.33333626290076035	0.3333274741984792	0.33333626290076035		2gram_menor/Reuters_Maid/dlr
0.3333383371549778	0.33332332569004447	0.3333383371549778		2gram_menor/Reuters_Maid/dlr
0.33333755632802636	0.3333248873439472	0.33333755632802636		2gram_menor/Reuters_Maid/dlr
0.3333416230621834	0.33331675387563314	0.3333416230621834		2gram_menor/Reuters_Maid/fuel
0.3333408229203194	0.3333183541593612	0.3333408229203194		2gram_menor/Reuters_Maid/fuel
0.3333409452962738	0.3333181094074524	0.3333409452962738		2gram_menor/Reuters_Maid/fuel
0.33333498511231696	0.3333300297753661	0.33333498511231696		2gram_menor/Reuters_Maid/fuel
0.3333344696815995	0.333331060636801	0.3333344696815995		2gram_menor/Reuters_Maid/fuel
0.3333367152296276	0.33332656954074485	0.3333367152296276		2gram_menor/Reuters_Maid/fuel
0.33333542597121985	0.33332914805756025	0.33333542597121985		2gram_menor/Reuters_Maid/fuel
0.3333339154005485	0.33333216919890296	0.3333339154005485		2gram_menor/Reuters_Maid/fuel
0.3333445818691261	0.33331083626174773	0.3333445818691261		2gram_menor/Reuters_Maid/fuel
0.3333425798042815	0.333314840391437	0.3333425798042815		2gram_menor/Reuters_Maid/fuel
0.3333341291882853	0.33333174162342943	0.3333341291882853		2gram_menor/Reuters_Maid/gas
0.33333470586428343	0.33333058827143314	0.33333470586428343		2gram_menor/Reuters_Maid/gas
0.33333384348573986	0.3333323130285202	0.33333384348573986		2gram_menor/Reuters_Maid/gas
0.33333447156341905	0.3333310568731618	0.33333447156341905		2gram_menor/Reuters_Maid/gas
0.3333332845571851	0.3333334308856299	0.3333332845571851		2gram_menor/Reuters_Maid/gas
0.3333409452962738	0.3333181094074524	0.3333409452962738		2gram_menor/Reuters_Maid/gas
0.33334169642694905	0.333316607146102	0.33334169642694905		2gram_menor/Reuters_Maid/gas
0.33334068032532405	0.33331863934935185	0.33334068032532405		2gram_menor/Reuters_Maid/gas
0.3333387170660396	0.3333225658679207	0.3333387170660396		2gram_menor/Reuters_Maid/gas
0.33333806772837615	0.3333238645432477	0.33333806772837615		2gram_menor/Reuters_Maid/gas
0.33333865977244487	0.33332268045511015	0.33333865977244487		2gram_menor/Reuters_Maid/gas
0.3333363599600692	0.3333272800798617	0.3333363599600692		2gram_menor/Reuters_Maid/gas
0.33333211320503797	0.3333357735899241	0.33333211320503797		2gram_menor/Reuters_Maid/gas
0.3333367152296276	0.33332656954074485	0.3333367152296276		2gram_menor/Reuters_Maid/gas
0.33334301060928584	0.33331397878142827	0.33334301060928584		2gram_menor/Reuters_Maid/gas
0.33333424653316734	0.33333150693366526	0.33333424653316734		2gram_menor/Reuters_Maid/gas
0.33333614408210227	0.3333277118357955	0.33333614408210227		2gram_menor/Reuters_Maid/gas
0.3333290454429268	0.3333419091141464	0.3333290454429268		2gram_menor/Reuters_Maid/gnp
0.3333310394949063	0.3333379210101876	0.3333310394949063		2gram_menor/Reuters_Maid/gnp
0.3333268425754685	0.3333463148490629	0.3333268425754685		2gram_menor/Reuters_Maid/gnp
0.3333315020975187	0.33333699580496245	0.3333315020975187		2gram_menor/Reuters_Maid/gnp
0.33332177778298455	0.33335644443403095	0.33332177778298455		2gram_menor/Reuters_Maid/gnp
0.3333188158758069	0.3333623682483861	0.3333188158758069		2gram_menor/Reuters_Maid/gnp
0.3333341749462315	0.3333316501075369	0.3333341749462315		2gram_menor/Reuters_Maid/gnp
0.33333516658419565	0.3333296668316087	0.33333516658419565		2gram_menor/Reuters_Maid/gnp
0.332885911542937	0.3342281769141259	0.332885911542937		2gram_menor/Reuters_Maid/gnp
0.3333361531149657	0.33332769377006854	0.3333361531149657		2gram_menor/Reuters_Maid/gnp
0.33333633933698115	0.3333273213260377	0.33333633933698115		2gram_menor/Reuters_Maid/gnp
0.33333356614167714	0.3333328677166458	0.33333356614167714		2gram_menor/Reuters_Maid/gnp
0.33333737216239606	0.3333252556752079	0.33333737216239606		2gram_menor/Reuters_Maid/gnp
0.3333253742824627	0.3333492514350747	0.3333253742824627		2gram_menor/Reuters_Maid/gnp
0.33333267246824866	0.33333465506350285	0.33333267246824866		2gram_menor/Reuters_Maid/gnp
0.33332462218292463	0.3333507556341508	0.33332462218292463		2gram_menor/Reuters_Maid/gnp
0.3333359049746719	0.3333281900506561	0.3333359049746719		2gram_menor/Reuters_Maid/gnp
0.33333161275223766	0.33333677449552473	0.33333161275223766		2gram_menor/Reuters_Maid/gnp
0.3333255916992108	0.3333488166015784	0.3333255916992108		2gram_menor/Reuters_Maid/gnp
0.3333335783510572	0.33333284329788565	0.3333335783510572		2gram_menor/Reuters_Maid/gnp
0.33333034661920385	0.3333393067615924	0.33333034661920385		2gram_menor/Reuters_Maid/gnp
0.33333004051581644	0.33333991896836707	0.33333004051581644		2gram_menor/Reuters_Maid/gnp
0.33333296165026105	0.3333340766994779	0.33333296165026105		2gram_menor/Reuters_Maid/gnp
0.3333161731927223	0.33336765361455545	0.3333161731927223		2gram_menor/Reuters_Maid/gnp
0.33333465215138736	0.33333069569722523	0.33333465215138736		2gram_menor/Reuters_Maid/gnp
0.3333362512200001	0.33332749755999974	0.3333362512200001		2gram_menor/Reuters_Maid/gnp
0.33332939561771596	0.333341208764568	0.33332939561771596		2gram_menor/Reuters_Maid/gnp
0.3333308190101989	0.3333383619796021	0.3333308190101989		2gram_menor/Reuters_Maid/gnp
0.3333308190101989	0.3333383619796021	0.3333308190101989		2gram_menor/Reuters_Maid/gnp
0.33332572115133124	0.3333485576973376	0.33332572115133124		2gram_menor/Reuters_Maid/gnp
0.33332592849448234	0.3333481430110354	0.33332592849448234		2gram_menor/Reuters_Maid/gnp
0.3333342251194543	0.3333315497610914	0.3333342251194543		2gram_menor/Reuters_Maid/gnp
0.33333597366422213	0.33332805267155563	0.33333597366422213		2gram_menor/Reuters_Maid/gnp
0.33333242296709753	0.333335154065805	0.33333242296709753		2gram_menor/Reuters_Maid/gnp
0.3333229248524889	0.3333541502950222	0.3333229248524889		2gram_menor/Reuters_Maid/gnp
0.33333860121648834	0.33332279756702343	0.33333860121648834		2gram_menor/Reuters_Maid/gold
0.33333896759633724	0.33332206480732557	0.33333896759633724		2gram_menor/Reuters_Maid/gold
0.33333708749584867	0.3333258250083027	0.33333708749584867		2gram_menor/Reuters_Maid/gold
0.33333679951587397	0.33332640096825217	0.33333679951587397		2gram_menor/Reuters_Maid/gold
0.33333675381346933	0.3333264923730614	0.33333675381346933		2gram_menor/Reuters_Maid/gold
0.33333591298178294	0.33332817403643417	0.33333591298178294		2gram_menor/Reuters_Maid/gold
0.3333366105592647	0.3333267788814704	0.3333366105592647		2gram_menor/Reuters_Maid/gold
0.33334037003050837	0.3333192599389832	0.33334037003050837		2gram_menor/Reuters_Maid/gold
0.33334247208789236	0.3333150558242152	0.33334247208789236		2gram_menor/Reuters_Maid/gold
0.33333625440147696	0.3333274911970462	0.33333625440147696		2gram_menor/Reuters_Maid/gold
0.33333372679976214	0.3333325464004757	0.33333372679976214		2gram_menor/Reuters_Maid/gold
0.33333643050077216	0.3333271389984556	0.33333643050077216		2gram_menor/Reuters_Maid/gold
0.33333973548099877	0.3333205290380023	0.33333973548099877		2gram_menor/Reuters_Maid/gold
0.3333390449696526	0.3333219100606948	0.3333390449696526		2gram_menor/Reuters_Maid/gold
0.3333356925531296	0.3333286148937409	0.3333356925531296		2gram_menor/Reuters_Maid/gold
0.33333844454862216	0.3333231109027556	0.33333844454862216		2gram_menor/Reuters_Maid/gold
0.33333853190156537	0.33332293619686915	0.33333853190156537		2gram_menor/Reuters_Maid/gold
0.33344156003044634	0.33311687993910744	0.33344156003044634		2gram_menor/Reuters_Maid/gold
0.3334684627349731	0.3330630745300539	0.3334684627349731		2gram_menor/Reuters_Maid/gold
0.33333678788540183	0.3333264242291963	0.33333678788540183		2gram_menor/Reuters_Maid/gold
0.3333379974396162	0.3333240051207679	0.3333379974396162		2gram_menor/Reuters_Maid/gold
0.33333411682319136	0.3333317663536172	0.33333411682319136		2gram_menor/Reuters_Maid/gold
0.3333357860505776	0.33332842789884487	0.3333357860505776		2gram_menor/Reuters_Maid/gold
0.3333326635848531	0.3333346728302938	0.3333326635848531		2gram_menor/Reuters_Maid/gold
0.3333326635848531	0.3333346728302938	0.3333326635848531		2gram_menor/Reuters_Maid/gold
0.333332764802939	0.333334470394122	0.333332764802939		2gram_menor/Reuters_Maid/gold
0.3333324209508293	0.33333515809834136	0.3333324209508293		2gram_menor/Reuters_Maid/gold
0.3333382153586414	0.3333235692827171	0.3333382153586414		2gram_menor/Reuters_Maid/gold
0.3333323886458279	0.33333522270834426	0.3333323886458279		2gram_menor/Reuters_Maid/gold
0.33333624484903174	0.33332751030193664	0.33333624484903174		2gram_menor/Reuters_Maid/gold
0.33333389452440404	0.333332210951192	0.33333389452440404		2gram_menor/Reuters_Maid/ipi
0.3333354563248324	0.3333290873503351	0.3333354563248324		2gram_menor/Reuters_Maid/ipi
0.33333500074494904	0.33332999851010187	0.33333500074494904		2gram_menor/Reuters_Maid/ipi
0.33333429114574714	0.3333314177085056	0.33333429114574714		2gram_menor/Reuters_Maid/ipi
0.3333310834471569	0.3333378331056862	0.3333310834471569		2gram_menor/Reuters_Maid/ipi
0.33333521253018233	0.33332957493963544	0.33333521253018233		2gram_menor/Reuters_Maid/ipi
0.3333357758162658	0.3333284483674686	0.3333357758162658		2gram_menor/Reuters_Maid/ipi
0.3333379610715277	0.33332407785694457	0.3333379610715277		2gram_menor/Reuters_Maid/ipi
0.3333388990109758	0.3333222019780483	0.3333388990109758		2gram_menor/Reuters_Maid/ipi
0.33333242296709753	0.333335154065805	0.33333242296709753		2gram_menor/Reuters_Maid/ipi
0.3333319873931832	0.33333602521363354	0.3333319873931832		2gram_menor/Reuters_Maid/ipi
0.33333367885189397	0.3333326422962121	0.33333367885189397		2gram_menor/Reuters_Maid/ipi
0.3333364419945961	0.3333271160108078	0.3333364419945961		2gram_menor/Reuters_Maid/iron-steel
0.3333400273971717	0.3333199452056566	0.3333400273971717		2gram_menor/Reuters_Maid/iron-steel
0.33333612603073887	0.3333277479385223	0.33333612603073887		2gram_menor/Reuters_Maid/iron-steel
0.3333400269023237	0.33331994619535255	0.3333400269023237		2gram_menor/Reuters_Maid/iron-steel
0.3333384168553056	0.33332316628938885	0.3333384168553056		2gram_menor/Reuters_Maid/iron-steel
0.3333253764992973	0.33334924700140545	0.3333253764992973		2gram_menor/Reuters_Maid/iron-steel
0.3333293908097032	0.3333412183805936	0.3333293908097032		2gram_menor/Reuters_Maid/iron-steel
0.33333525001969966	0.33332949996060074	0.33333525001969966		2gram_menor/Reuters_Maid/iron-steel
0.3333415261959005	0.33331694760819885	0.3333415261959005		2gram_menor/Reuters_Maid/iron-steel
0.3333385226970855	0.33332295460582895	0.3333385226970855		2gram_menor/Reuters_Maid/iron-steel
0.3333366398315825	0.33332672033683486	0.3333366398315825		2gram_menor/Reuters_Maid/iron-steel
0.33333708533963224	0.33332582932073557	0.33333708533963224		2gram_menor/Reuters_Maid/iron-steel
0.3333406655811982	0.33331866883760364	0.3333406655811982		2gram_menor/Reuters_Maid/iron-steel
0.3333385695212624	0.33332286095747526	0.3333385695212624		2gram_menor/Reuters_Maid/iron-steel
0.33333524002382503	0.3333295199523499	0.33333524002382503		2gram_menor/Reuters_Maid/jobs
0.3333341514123958	0.3333316971752084	0.3333341514123958		2gram_menor/Reuters_Maid/jobs
0.33332756409448705	0.33334487181102596	0.33332756409448705		2gram_menor/Reuters_Maid/jobs
0.33333498584481097	0.333330028310378	0.33333498584481097		2gram_menor/Reuters_Maid/jobs
0.3333327549122336	0.3333344901755329	0.3333327549122336		2gram_menor/Reuters_Maid/jobs
0.33333329679656987	0.3333334064068603	0.33333329679656987		2gram_menor/Reuters_Maid/jobs
0.3333315020975187	0.33333699580496245	0.3333315020975187		2gram_menor/Reuters_Maid/jobs
0.3333113281000461	0.3333773437999077	0.3333113281000461		2gram_menor/Reuters_Maid/jobs
0.3333357758162658	0.3333284483674686	0.3333357758162658		2gram_menor/Reuters_Maid/jobs
0.3333357758162658	0.3333284483674686	0.3333357758162658		2gram_menor/Reuters_Maid/jobs
0.33333314362237015	0.33333371275525964	0.33333314362237015		2gram_menor/Reuters_Maid/jobs
0.3333215377431978	0.3333569245136043	0.3333215377431978		2gram_menor/Reuters_Maid/jobs
0.3333335783510572	0.33333284329788565	0.3333335783510572		2gram_menor/Reuters_Maid/jobs
0.33333034661920385	0.3333393067615924	0.33333034661920385		2gram_menor/Reuters_Maid/jobs
0.33333296165026105	0.3333340766994779	0.33333296165026105		2gram_menor/Reuters_Maid/jobs
0.3333362512200001	0.33332749755999974	0.3333362512200001		2gram_menor/Reuters_Maid/jobs
0.33332939561771596	0.333341208764568	0.33332939561771596		2gram_menor/Reuters_Maid/jobs
0.333336745930542	0.333326508138916	0.333336745930542		2gram_menor/Reuters_Maid/jobs
0.333336745930542	0.333326508138916	0.333336745930542		2gram_menor/Reuters_Maid/jobs
0.33333596866350895	0.33332806267298215	0.33333596866350895		2gram_menor/Reuters_Maid/jobs
0.3333229248524889	0.3333541502950222	0.3333229248524889		2gram_menor/Reuters_Maid/jobs
0.3333341291882853	0.33333174162342943	0.3333341291882853		2gram_menor/Reuters_Maid/lead
0.33333532477482364	0.33332935045035267	0.33333532477482364		2gram_menor/Reuters_Maid/lead
0.33333919781106	0.33332160437788	0.33333919781106		2gram_menor/Reuters_Maid/lead
0.33333663934369523	0.3333267213126095	0.33333663934369523		2gram_menor/Reuters_Maid/lead
0.33333919781106	0.33332160437788	0.33333919781106		2gram_menor/Reuters_Maid/lead
0.3333343919873117	0.3333312160253766	0.3333343919873117		2gram_menor/Reuters_Maid/lead
0.33333462187231583	0.3333307562553684	0.33333462187231583		2gram_menor/Reuters_Maid/lead
0.3333363944443914	0.33332721111121716	0.3333363944443914		2gram_menor/Reuters_Maid/lead
0.3333361768654838	0.3333276462690324	0.3333361768654838		2gram_menor/Reuters_Maid/lead
0.33333811418530906	0.3333237716293818	0.33333811418530906		2gram_menor/Reuters_Maid/lead
0.33333630508072576	0.3333273898385484	0.33333630508072576		2gram_menor/Reuters_Maid/lead
