0.09091747979953047	0.09091747979953047	0.09091747979953047	0.09091747979953047	0.09091747979953047	0.09091747979953047	0.09082520200469536	0.09091747979953047	0.09091747979953047	0.09091747979953047	0.09091747979953047		2gram_menor/wap_Maid
0.09090910839108714	0.09090910839108714	0.09090910839108714	0.09090910839108714	0.09090910839108714	0.09090910839108714	0.09090891608912871	0.09090910839108714	0.09090910839108714	0.09090910839108714	0.09090910839108714		2gram_menor/wap_Maid
0.09091033724425308	0.09091033724425308	0.09091033724425308	0.09091033724425308	0.09091033724425308	0.09091033724425308	0.09089662755746916	0.09091033724425308	0.09091033724425308	0.09091033724425308	0.09091033724425308		2gram_menor/wap_Maid
0.0909085374779381	0.0909085374779381	0.0909085374779381	0.0909085374779381	0.0909085374779381	0.0909085374779381	0.09091462522061895	0.0909085374779381	0.0909085374779381	0.0909085374779381	0.0909085374779381		2gram_menor/wap_Maid
0.09090921537238973	0.09090921537238973	0.09090921537238973	0.09090921537238973	0.09090921537238973	0.09090921537238973	0.09090784627610277	0.09090921537238973	0.09090921537238973	0.09090921537238973	0.09090921537238973		2gram_menor/wap_Maid
0.09090891084918022	0.09090891084918022	0.09090891084918022	0.09090891084918022	0.09090891084918022	0.09090891084918022	0.09091089150819794	0.09090891084918022	0.09090891084918022	0.09090891084918022	0.09090891084918022		2gram_menor/wap_Maid
0.09090917815343877	0.09090917815343877	0.09090917815343877	0.09090917815343877	0.09090917815343877	0.09090917815343877	0.09090821846561234	0.09090917815343877	0.09090917815343877	0.09090917815343877	0.09090917815343877		2gram_menor/wap_Maid
0.09090983652643447	0.09090983652643447	0.09090983652643447	0.09090983652643447	0.09090983652643447	0.09090983652643447	0.09090163473565524	0.09090983652643447	0.09090983652643447	0.09090983652643447	0.09090983652643447		2gram_menor/wap_Maid
0.0909092479673608	0.0909092479673608	0.0909092479673608	0.0909092479673608	0.0909092479673608	0.0909092479673608	0.09090752032639199	0.0909092479673608	0.0909092479673608	0.0909092479673608	0.0909092479673608		2gram_menor/wap_Maid
0.09090908840935835	0.09090908840935835	0.09090908840935835	0.09090908840935835	0.09090908840935835	0.09090908840935835	0.09090911590641652	0.09090908840935835	0.09090908840935835	0.09090908840935835	0.09090908840935835		2gram_menor/wap_Maid
0.09090972794766974	0.09090972794766974	0.09090972794766974	0.09090972794766974	0.09090972794766974	0.09090972794766974	0.09090272052330252	0.09090972794766974	0.09090972794766974	0.09090972794766974	0.09090972794766974		2gram_menor/wap_Maid
0.0909096164960617	0.0909096164960617	0.0909096164960617	0.0909096164960617	0.0909096164960617	0.0909096164960617	0.09090383503938304	0.0909096164960617	0.0909096164960617	0.0909096164960617	0.0909096164960617		2gram_menor/wap_Maid
0.09090962735228364	0.09090962735228364	0.09090962735228364	0.09090962735228364	0.09090962735228364	0.09090962735228364	0.09090372647716363	0.09090962735228364	0.09090962735228364	0.09090962735228364	0.09090962735228364		2gram_menor/wap_Maid
0.0909162305041124	0.0909162305041124	0.0909162305041124	0.0909162305041124	0.0909162305041124	0.0909162305041124	0.09083769495887588	0.0909162305041124	0.0909162305041124	0.0909162305041124	0.0909162305041124		2gram_menor/wap_Maid
0.09091031963243104	0.09091031963243104	0.09091031963243104	0.09091031963243104	0.09091031963243104	0.09091031963243104	0.0908968036756896	0.09091031963243104	0.09091031963243104	0.09091031963243104	0.09091031963243104		2gram_menor/wap_Maid
0.09090730103658602	0.09090730103658602	0.09090730103658602	0.09090730103658602	0.09090730103658602	0.09090730103658602	0.09092698963413988	0.09090730103658602	0.09090730103658602	0.09090730103658602	0.09090730103658602		2gram_menor/wap_Maid
0.09090707669924525	0.09090707669924525	0.09090707669924525	0.09090707669924525	0.09090707669924525	0.09090707669924525	0.09092923300754746	0.09090707669924525	0.09090707669924525	0.09090707669924525	0.09090707669924525		2gram_menor/wap_Maid
0.09090568244932128	0.09090568244932128	0.09090568244932128	0.09090568244932128	0.09090568244932128	0.09090568244932128	0.0909431755067872	0.09090568244932128	0.09090568244932128	0.09090568244932128	0.09090568244932128		2gram_menor/wap_Maid
0.09090789252296189	0.09090789252296189	0.09090789252296189	0.09090789252296189	0.09090789252296189	0.09090789252296189	0.09092107477038126	0.09090789252296189	0.09090789252296189	0.09090789252296189	0.09090789252296189		2gram_menor/wap_Maid
0.09090506727686826	0.09090506727686826	0.09090506727686826	0.09090506727686826	0.09090506727686826	0.09090506727686826	0.09094932723131748	0.09090506727686826	0.09090506727686826	0.09090506727686826	0.09090506727686826		2gram_menor/wap_Maid
0.09090822135324755	0.09090822135324755	0.09090822135324755	0.09090822135324755	0.09090822135324755	0.09090822135324755	0.09091778646752458	0.09090822135324755	0.09090822135324755	0.09090822135324755	0.09090822135324755		2gram_menor/wap_Maid
0.0909019584537177	0.0909019584537177	0.0909019584537177	0.0909019584537177	0.0909019584537177	0.0909019584537177	0.09098041546282319	0.0909019584537177	0.0909019584537177	0.0909019584537177	0.0909019584537177		2gram_menor/wap_Maid
0.09090661450035671	0.09090661450035671	0.09090661450035671	0.09090661450035671	0.09090661450035671	0.09090661450035671	0.09093385499643288	0.09090661450035671	0.09090661450035671	0.09090661450035671	0.09090661450035671		2gram_menor/wap_Maid
0.09090761686486269	0.09090761686486269	0.09090761686486269	0.09090761686486269	0.09090761686486269	0.09090761686486269	0.09092383135137311	0.09090761686486269	0.09090761686486269	0.09090761686486269	0.09090761686486269		2gram_menor/wap_Maid
0.09090750335429318	0.09090750335429318	0.09090750335429318	0.09090750335429318	0.09090750335429318	0.09090750335429318	0.09092496645706827	0.09090750335429318	0.09090750335429318	0.09090750335429318	0.09090750335429318		2gram_menor/wap_Maid
0.09090691577511223	0.09090691577511223	0.09090691577511223	0.09090691577511223	0.09090691577511223	0.09090691577511223	0.09093084224887761	0.09090691577511223	0.09090691577511223	0.09090691577511223	0.09090691577511223		2gram_menor/wap_Maid
0.09090560510209644	0.09090560510209644	0.09090560510209644	0.09090560510209644	0.09090560510209644	0.09090560510209644	0.09094394897903568	0.09090560510209644	0.09090560510209644	0.09090560510209644	0.09090560510209644		2gram_menor/wap_Maid
0.09090860467911853	0.09090860467911853	0.09090860467911853	0.09090860467911853	0.09090860467911853	0.09090860467911853	0.0909139532088147	0.09090860467911853	0.09090860467911853	0.09090860467911853	0.09090860467911853		2gram_menor/wap_Maid
0.09090894144147928	0.09090894144147928	0.09090894144147928	0.09090894144147928	0.09090894144147928	0.09090894144147928	0.09091058558520713	0.09090894144147928	0.09090894144147928	0.09090894144147928	0.09090894144147928		2gram_menor/wap_Maid
0.09090855799625353	0.09090855799625353	0.09090855799625353	0.09090855799625353	0.09090855799625353	0.09090855799625353	0.09091442003746486	0.09090855799625353	0.09090855799625353	0.09090855799625353	0.09090855799625353		2gram_menor/wap_Maid
0.09090904814846436	0.09090904814846436	0.09090904814846436	0.09090904814846436	0.09090904814846436	0.09090904814846436	0.09090951851535652	0.09090904814846436	0.09090904814846436	0.09090904814846436	0.09090904814846436		2gram_menor/wap_Maid
0.09090713267326331	0.09090713267326331	0.09090713267326331	0.09090713267326331	0.09090713267326331	0.09090713267326331	0.09092867326736682	0.09090713267326331	0.09090713267326331	0.09090713267326331	0.09090713267326331		2gram_menor/wap_Maid
0.09090722732889861	0.09090722732889861	0.09090722732889861	0.09090722732889861	0.09090722732889861	0.09090722732889861	0.09092772671101393	0.09090722732889861	0.09090722732889861	0.09090722732889861	0.09090722732889861		2gram_menor/wap_Maid
0.09090621434969347	0.09090621434969347	0.09090621434969347	0.09090621434969347	0.09090621434969347	0.09090621434969347	0.09093785650306538	0.09090621434969347	0.09090621434969347	0.09090621434969347	0.09090621434969347		2gram_menor/wap_Maid
0.09090859832320167	0.09090859832320167	0.09090859832320167	0.09090859832320167	0.09090859832320167	0.09090859832320167	0.09091401676798316	0.09090859832320167	0.09090859832320167	0.09090859832320167	0.09090859832320167		2gram_menor/wap_Maid
0.09090664037768248	0.09090664037768248	0.09090664037768248	0.09090664037768248	0.09090664037768248	0.09090664037768248	0.09093359622317511	0.09090664037768248	0.09090664037768248	0.09090664037768248	0.09090664037768248		2gram_menor/wap_Maid
0.09090777807200225	0.09090777807200225	0.09090777807200225	0.09090777807200225	0.09090777807200225	0.09090777807200225	0.09092221927997748	0.09090777807200225	0.09090777807200225	0.09090777807200225	0.09090777807200225		2gram_menor/wap_Maid
0.09090938902600323	0.09090938902600323	0.09090938902600323	0.09090938902600323	0.09090938902600323	0.09090938902600323	0.0909061097399677	0.09090938902600323	0.09090938902600323	0.09090938902600323	0.09090938902600323		2gram_menor/wap_Maid
0.09090680378830072	0.09090680378830072	0.09090680378830072	0.09090680378830072	0.09090680378830072	0.09090680378830072	0.0909319621169928	0.09090680378830072	0.09090680378830072	0.09090680378830072	0.09090680378830072		2gram_menor/wap_Maid
0.0909068769148972	0.0909068769148972	0.0909068769148972	0.0909068769148972	0.0909068769148972	0.0909068769148972	0.09093123085102803	0.0909068769148972	0.0909068769148972	0.0909068769148972	0.0909068769148972		2gram_menor/wap_Maid
0.09090781069364628	0.09090781069364628	0.09090781069364628	0.09090781069364628	0.09090781069364628	0.09090781069364628	0.09092189306353714	0.09090781069364628	0.09090781069364628	0.09090781069364628	0.09090781069364628		2gram_menor/wap_Maid
0.09090457291531402	0.09090457291531402	0.09090457291531402	0.09090457291531402	0.09090457291531402	0.09090457291531402	0.0909542708468599	0.09090457291531402	0.09090457291531402	0.09090457291531402	0.09090457291531402		2gram_menor/wap_Maid
0.09090800068400641	0.09090800068400641	0.09090800068400641	0.09090800068400641	0.09090800068400641	0.09090800068400641	0.0909199931599359	0.09090800068400641	0.09090800068400641	0.09090800068400641	0.09090800068400641		2gram_menor/wap_Maid
0.09090611450002627	0.09090611450002627	0.09090611450002627	0.09090611450002627	0.09090611450002627	0.09090611450002627	0.09093885499973726	0.09090611450002627	0.09090611450002627	0.09090611450002627	0.09090611450002627		2gram_menor/wap_Maid
0.09090736417143065	0.09090736417143065	0.09090736417143065	0.09090736417143065	0.09090736417143065	0.09090736417143065	0.09092635828569347	0.09090736417143065	0.09090736417143065	0.09090736417143065	0.09090736417143065		2gram_menor/wap_Maid
0.09090759827487199	0.09090759827487199	0.09090759827487199	0.09090759827487199	0.09090759827487199	0.09090759827487199	0.09092401725128016	0.09090759827487199	0.09090759827487199	0.09090759827487199	0.09090759827487199		2gram_menor/wap_Maid
0.09090865667007529	0.09090865667007529	0.09090865667007529	0.09090865667007529	0.09090865667007529	0.09090865667007529	0.090913433299247	0.09090865667007529	0.09090865667007529	0.09090865667007529	0.09090865667007529		2gram_menor/wap_Maid
0.09090293476021624	0.09090293476021624	0.09090293476021624	0.09090293476021624	0.09090293476021624	0.09090293476021624	0.0909706523978376	0.09090293476021624	0.09090293476021624	0.09090293476021624	0.09090293476021624		2gram_menor/wap_Maid
0.09090768260343203	0.09090768260343203	0.09090768260343203	0.09090768260343203	0.09090768260343203	0.09090768260343203	0.09092317396567967	0.09090768260343203	0.09090768260343203	0.09090768260343203	0.09090768260343203		2gram_menor/wap_Maid
0.09090618772986063	0.09090618772986063	0.09090618772986063	0.09090618772986063	0.09090618772986063	0.09090618772986063	0.09093812270139368	0.09090618772986063	0.09090618772986063	0.09090618772986063	0.09090618772986063		2gram_menor/wap_Maid
0.09090421613988303	0.09090421613988303	0.09090421613988303	0.09090421613988303	0.09090421613988303	0.09090421613988303	0.09095783860116954	0.09090421613988303	0.09090421613988303	0.09090421613988303	0.09090421613988303		2gram_menor/wap_Maid
0.09090852087645512	0.09090852087645512	0.09090852087645512	0.09090852087645512	0.09090852087645512	0.09090852087645512	0.09091479123544872	0.09090852087645512	0.09090852087645512	0.09090852087645512	0.09090852087645512		2gram_menor/wap_Maid
0.09090741474214885	0.09090741474214885	0.09090741474214885	0.09090741474214885	0.09090741474214885	0.09090741474214885	0.09092585257851153	0.09090741474214885	0.09090741474214885	0.09090741474214885	0.09090741474214885		2gram_menor/wap_Maid
0.09090746885237751	0.09090746885237751	0.09090746885237751	0.09090746885237751	0.09090746885237751	0.09090746885237751	0.09092531147622497	0.09090746885237751	0.09090746885237751	0.09090746885237751	0.09090746885237751		2gram_menor/wap_Maid
0.09090793014125301	0.09090793014125301	0.09090793014125301	0.09090793014125301	0.09090793014125301	0.09090793014125301	0.09092069858746994	0.09090793014125301	0.09090793014125301	0.09090793014125301	0.09090793014125301		2gram_menor/wap_Maid
0.0909091369014055	0.0909091369014055	0.0909091369014055	0.0909091369014055	0.0909091369014055	0.0909091369014055	0.09090863098594502	0.0909091369014055	0.0909091369014055	0.0909091369014055	0.0909091369014055		2gram_menor/wap_Maid
0.09090758822683426	0.09090758822683426	0.09090758822683426	0.09090758822683426	0.09090758822683426	0.09090758822683426	0.09092411773165737	0.09090758822683426	0.09090758822683426	0.09090758822683426	0.09090758822683426		2gram_menor/wap_Maid
0.0909066003801758	0.0909066003801758	0.0909066003801758	0.0909066003801758	0.0909066003801758	0.0909066003801758	0.09093399619824201	0.0909066003801758	0.0909066003801758	0.0909066003801758	0.0909066003801758		2gram_menor/wap_Maid
0.09090815884593793	0.09090815884593793	0.09090815884593793	0.09090815884593793	0.09090815884593793	0.09090815884593793	0.09091841154062069	0.09090815884593793	0.09090815884593793	0.09090815884593793	0.09090815884593793		2gram_menor/wap_Maid
0.0909084358725562	0.0909084358725562	0.0909084358725562	0.0909084358725562	0.0909084358725562	0.0909084358725562	0.09091564127443805	0.0909084358725562	0.0909084358725562	0.0909084358725562	0.0909084358725562		2gram_menor/wap_Maid
0.09090857629706198	0.09090857629706198	0.09090857629706198	0.09090857629706198	0.09090857629706198	0.09090857629706198	0.09091423702938027	0.09090857629706198	0.09090857629706198	0.09090857629706198	0.09090857629706198		2gram_menor/wap_Maid
0.09090718797678547	0.09090718797678547	0.09090718797678547	0.09090718797678547	0.09090718797678547	0.09090718797678547	0.09092812023214529	0.09090718797678547	0.09090718797678547	0.09090718797678547	0.09090718797678547		2gram_menor/wap_Maid
0.09090589000560195	0.09090589000560195	0.09090589000560195	0.09090589000560195	0.09090589000560195	0.09090589000560195	0.09094109994398042	0.09090589000560195	0.09090589000560195	0.09090589000560195	0.09090589000560195		2gram_menor/wap_Maid
0.09090772037616032	0.09090772037616032	0.09090772037616032	0.09090772037616032	0.09090772037616032	0.09090772037616032	0.09092279623839683	0.09090772037616032	0.09090772037616032	0.09090772037616032	0.09090772037616032		2gram_menor/wap_Maid
0.09090770571410296	0.09090770571410296	0.09090770571410296	0.09090770571410296	0.09090770571410296	0.09090770571410296	0.09092294285897046	0.09090770571410296	0.09090770571410296	0.09090770571410296	0.09090770571410296		2gram_menor/wap_Maid
0.09090876118786295	0.09090876118786295	0.09090876118786295	0.09090876118786295	0.09090876118786295	0.09090876118786295	0.09091238812137047	0.09090876118786295	0.09090876118786295	0.09090876118786295	0.09090876118786295		2gram_menor/wap_Maid
0.0909071959326268	0.0909071959326268	0.0909071959326268	0.0909071959326268	0.0909071959326268	0.0909071959326268	0.09092804067373199	0.0909071959326268	0.0909071959326268	0.0909071959326268	0.0909071959326268		2gram_menor/wap_Maid
0.09090763371800921	0.09090763371800921	0.09090763371800921	0.09090763371800921	0.09090763371800921	0.09090763371800921	0.09092366281990781	0.09090763371800921	0.09090763371800921	0.09090763371800921	0.09090763371800921		2gram_menor/wap_Maid
0.09090793103783666	0.09090793103783666	0.09090793103783666	0.09090793103783666	0.09090793103783666	0.09090793103783666	0.09092068962163335	0.09090793103783666	0.09090793103783666	0.09090793103783666	0.09090793103783666		2gram_menor/wap_Maid
0.09090677277858251	0.09090677277858251	0.09090677277858251	0.09090677277858251	0.09090677277858251	0.09090677277858251	0.09093227221417476	0.09090677277858251	0.09090677277858251	0.09090677277858251	0.09090677277858251		2gram_menor/wap_Maid
0.09090718991043295	0.09090718991043295	0.09090718991043295	0.09090718991043295	0.09090718991043295	0.09090718991043295	0.0909281008956705	0.09090718991043295	0.09090718991043295	0.09090718991043295	0.09090718991043295		2gram_menor/wap_Maid
0.09090781545340192	0.09090781545340192	0.09090781545340192	0.09090781545340192	0.09090781545340192	0.09090781545340192	0.09092184546598073	0.09090781545340192	0.09090781545340192	0.09090781545340192	0.09090781545340192		2gram_menor/wap_Maid
0.09090801152571527	0.09090801152571527	0.09090801152571527	0.09090801152571527	0.09090801152571527	0.09090801152571527	0.09091988474284733	0.09090801152571527	0.09090801152571527	0.09090801152571527	0.09090801152571527		2gram_menor/wap_Maid
0.09090783313263119	0.09090783313263119	0.09090783313263119	0.09090783313263119	0.09090783313263119	0.09090783313263119	0.09092166867368824	0.09090783313263119	0.09090783313263119	0.09090783313263119	0.09090783313263119		2gram_menor/wap_Maid
0.09090793420306281	0.09090793420306281	0.09090793420306281	0.09090793420306281	0.09090793420306281	0.09090793420306281	0.0909206579693719	0.09090793420306281	0.09090793420306281	0.09090793420306281	0.09090793420306281		2gram_menor/wap_Maid
0.09090752525216275	0.09090752525216275	0.09090752525216275	0.09090752525216275	0.09090752525216275	0.09090752525216275	0.09092474747837255	0.09090752525216275	0.09090752525216275	0.09090752525216275	0.09090752525216275		2gram_menor/wap_Maid
0.09090891802454686	0.09090891802454686	0.09090891802454686	0.09090891802454686	0.09090891802454686	0.09090891802454686	0.09091081975453141	0.09090891802454686	0.09090891802454686	0.09090891802454686	0.09090891802454686		2gram_menor/wap_Maid
0.09090745264283955	0.09090745264283955	0.09090745264283955	0.09090745264283955	0.09090745264283955	0.09090745264283955	0.09092547357160466	0.09090745264283955	0.09090745264283955	0.09090745264283955	0.09090745264283955		2gram_menor/wap_Maid
0.09090342129976318	0.09090342129976318	0.09090342129976318	0.09090342129976318	0.09090342129976318	0.09090342129976318	0.09096578700236814	0.09090342129976318	0.09090342129976318	0.09090342129976318	0.09090342129976318		2gram_menor/wap_Maid
0.09090723821416279	0.09090723821416279	0.09090723821416279	0.09090723821416279	0.09090723821416279	0.09090723821416279	0.09092761785837214	0.09090723821416279	0.09090723821416279	0.09090723821416279	0.09090723821416279		2gram_menor/wap_Maid
0.09090812231315426	0.09090812231315426	0.09090812231315426	0.09090812231315426	0.09090812231315426	0.09090812231315426	0.09091877686845733	0.09090812231315426	0.09090812231315426	0.09090812231315426	0.09090812231315426		2gram_menor/wap_Maid
0.09090727565275745	0.09090727565275745	0.09090727565275745	0.09090727565275745	0.09090727565275745	0.09090727565275745	0.09092724347242555	0.09090727565275745	0.09090727565275745	0.09090727565275745	0.09090727565275745		2gram_menor/wap_Maid
0.09090691125264298	0.09090691125264298	0.09090691125264298	0.09090691125264298	0.09090691125264298	0.09090691125264298	0.09093088747357024	0.09090691125264298	0.09090691125264298	0.09090691125264298	0.09090691125264298		2gram_menor/wap_Maid
0.09090885946939416	0.09090885946939416	0.09090885946939416	0.09090885946939416	0.09090885946939416	0.09090885946939416	0.0909114053060584	0.09090885946939416	0.09090885946939416	0.09090885946939416	0.09090885946939416		2gram_menor/wap_Maid
0.09090612674676017	0.09090612674676017	0.09090612674676017	0.09090612674676017	0.09090612674676017	0.09090612674676017	0.09093873253239831	0.09090612674676017	0.09090612674676017	0.09090612674676017	0.09090612674676017		2gram_menor/wap_Maid
0.09090460788264171	0.09090460788264171	0.09090460788264171	0.09090460788264171	0.09090460788264171	0.09090460788264171	0.0909539211735829	0.09090460788264171	0.09090460788264171	0.09090460788264171	0.09090460788264171		2gram_menor/wap_Maid
0.09090800591672633	0.09090800591672633	0.09090800591672633	0.09090800591672633	0.09090800591672633	0.09090800591672633	0.09091994083273665	0.09090800591672633	0.09090800591672633	0.09090800591672633	0.09090800591672633		2gram_menor/wap_Maid
0.09090798011470541	0.09090798011470541	0.09090798011470541	0.09090798011470541	0.09090798011470541	0.09090798011470541	0.09092019885294597	0.09090798011470541	0.09090798011470541	0.09090798011470541	0.09090798011470541		2gram_menor/wap_Maid
0.09090814945082444	0.09090814945082444	0.09090814945082444	0.09090814945082444	0.09090814945082444	0.09090814945082444	0.09091850549175554	0.09090814945082444	0.09090814945082444	0.09090814945082444	0.09090814945082444		2gram_menor/wap_Maid
0.09090661874556652	0.09090661874556652	0.09090661874556652	0.09090661874556652	0.09090661874556652	0.09090661874556652	0.09093381254433476	0.09090661874556652	0.09090661874556652	0.09090661874556652	0.09090661874556652		2gram_menor/wap_Maid
0.0909073814410937	0.0909073814410937	0.0909073814410937	0.0909073814410937	0.0909073814410937	0.0909073814410937	0.09092618558906296	0.0909073814410937	0.0909073814410937	0.0909073814410937	0.0909073814410937		2gram_menor/wap_Maid
0.09090987073682463	0.09090987073682463	0.09090987073682463	0.09090987073682463	0.09090987073682463	0.09090987073682463	0.09090129263175363	0.09090987073682463	0.09090987073682463	0.09090987073682463	0.09090987073682463		2gram_menor/wap_Maid
0.0909090198709391	0.0909090198709391	0.0909090198709391	0.0909090198709391	0.0909090198709391	0.0909090198709391	0.09090980129060884	0.0909090198709391	0.0909090198709391	0.0909090198709391	0.0909090198709391		2gram_menor/wap_Maid
0.09090340094665147	0.09090340094665147	0.09090340094665147	0.09090340094665147	0.09090340094665147	0.09090340094665147	0.09096599053348517	0.09090340094665147	0.09090340094665147	0.09090340094665147	0.09090340094665147		2gram_menor/wap_Maid
0.0909029612106083	0.0909029612106083	0.0909029612106083	0.0909029612106083	0.0909029612106083	0.0909029612106083	0.09097038789391704	0.0909029612106083	0.0909029612106083	0.0909029612106083	0.0909029612106083		2gram_menor/wap_Maid
0.09090899503048552	0.09090899503048552	0.09090899503048552	0.09090899503048552	0.09090899503048552	0.09090899503048552	0.09091004969514474	0.09090899503048552	0.09090899503048552	0.09090899503048552	0.09090899503048552		2gram_menor/wap_Maid
0.09090894880485624	0.09090894880485624	0.09090894880485624	0.09090894880485624	0.09090894880485624	0.09090894880485624	0.09091051195143766	0.09090894880485624	0.09090894880485624	0.09090894880485624	0.09090894880485624		2gram_menor/wap_Maid
0.0909075680041676	0.0909075680041676	0.0909075680041676	0.0909075680041676	0.0909075680041676	0.0909075680041676	0.09092431995832392	0.0909075680041676	0.0909075680041676	0.0909075680041676	0.0909075680041676		2gram_menor/wap_Maid
0.09090834410004373	0.09090834410004373	0.09090834410004373	0.09090834410004373	0.09090834410004373	0.09090834410004373	0.09091655899956279	0.09090834410004373	0.09090834410004373	0.09090834410004373	0.09090834410004373		2gram_menor/wap_Maid
0.09090817609948265	0.09090817609948265	0.09090817609948265	0.09090817609948265	0.09090817609948265	0.09090817609948265	0.09091823900517353	0.09090817609948265	0.09090817609948265	0.09090817609948265	0.09090817609948265		2gram_menor/wap_Maid
0.09090615579457687	0.09090615579457687	0.09090615579457687	0.09090615579457687	0.09090615579457687	0.09090615579457687	0.09093844205423136	0.09090615579457687	0.09090615579457687	0.09090615579457687	0.09090615579457687		2gram_menor/wap_Maid
0.09090926346592992	0.09090926346592992	0.09090926346592992	0.09090926346592992	0.09090926346592992	0.09090926346592992	0.09090736534070085	0.09090926346592992	0.09090926346592992	0.09090926346592992	0.09090926346592992		2gram_menor/wap_Maid
0.09090864778522711	0.09090864778522711	0.09090864778522711	0.09090864778522711	0.09090864778522711	0.09090864778522711	0.09091352214772881	0.09090864778522711	0.09090864778522711	0.09090864778522711	0.09090864778522711		2gram_menor/wap_Maid
0.09090928577957755	0.09090928577957755	0.09090928577957755	0.09090928577957755	0.09090928577957755	0.09090928577957755	0.09090714220422458	0.09090928577957755	0.09090928577957755	0.09090928577957755	0.09090928577957755		2gram_menor/wap_Maid
0.09090963876003862	0.09090963876003862	0.09090963876003862	0.09090963876003862	0.09090963876003862	0.09090963876003862	0.09090361239961385	0.09090963876003862	0.09090963876003862	0.09090963876003862	0.09090963876003862		2gram_menor/wap_Maid
0.09090813526825539	0.09090813526825539	0.09090813526825539	0.09090813526825539	0.09090813526825539	0.09090813526825539	0.09091864731744598	0.09090813526825539	0.09090813526825539	0.09090813526825539	0.09090813526825539		2gram_menor/wap_Maid
0.09090893009548177	0.09090893009548177	0.09090893009548177	0.09090893009548177	0.09090893009548177	0.09090893009548177	0.09091069904518236	0.09090893009548177	0.09090893009548177	0.09090893009548177	0.09090893009548177		2gram_menor/wap_Maid
0.09090870227432223	0.09090870227432223	0.09090870227432223	0.09090870227432223	0.09090870227432223	0.09090870227432223	0.09091297725677781	0.09090870227432223	0.09090870227432223	0.09090870227432223	0.09090870227432223		2gram_menor/wap_Maid
0.09090872926783401	0.09090872926783401	0.09090872926783401	0.09090872926783401	0.09090872926783401	0.09090872926783401	0.0909127073216598	0.09090872926783401	0.09090872926783401	0.09090872926783401	0.09090872926783401		2gram_menor/wap_Maid
0.09090863703026333	0.09090863703026333	0.09090863703026333	0.09090863703026333	0.09090863703026333	0.09090863703026333	0.09091362969736665	0.09090863703026333	0.09090863703026333	0.09090863703026333	0.09090863703026333		2gram_menor/wap_Maid
0.09090845756974279	0.09090845756974279	0.09090845756974279	0.09090845756974279	0.09090845756974279	0.09090845756974279	0.09091542430257205	0.09090845756974279	0.09090845756974279	0.09090845756974279	0.09090845756974279		2gram_menor/wap_Maid
0.09090965202944858	0.09090965202944858	0.09090965202944858	0.09090965202944858	0.09090965202944858	0.09090965202944858	0.09090347970551418	0.09090965202944858	0.09090965202944858	0.09090965202944858	0.09090965202944858		2gram_menor/wap_Maid
0.0909079129985658	0.0909079129985658	0.0909079129985658	0.0909079129985658	0.0909079129985658	0.0909079129985658	0.09092087001434178	0.0909079129985658	0.0909079129985658	0.0909079129985658	0.0909079129985658		2gram_menor/wap_Maid
0.09090919636830608	0.09090919636830608	0.09090919636830608	0.09090919636830608	0.09090919636830608	0.09090919636830608	0.09090803631693925	0.09090919636830608	0.09090919636830608	0.09090919636830608	0.09090919636830608		2gram_menor/wap_Maid
0.09090860745079674	0.09090860745079674	0.09090860745079674	0.09090860745079674	0.09090860745079674	0.09090860745079674	0.09091392549203267	0.09090860745079674	0.09090860745079674	0.09090860745079674	0.09090860745079674		2gram_menor/wap_Maid
0.09090907294084552	0.09090907294084552	0.09090907294084552	0.09090907294084552	0.09090907294084552	0.09090907294084552	0.09090927059154479	0.09090907294084552	0.09090907294084552	0.09090907294084552	0.09090907294084552		2gram_menor/wap_Maid
0.09090865665697967	0.09090865665697967	0.09090865665697967	0.09090865665697967	0.09090865665697967	0.09090865665697967	0.09091343343020335	0.09090865665697967	0.09090865665697967	0.09090865665697967	0.09090865665697967		2gram_menor/wap_Maid
0.0909084648849425	0.0909084648849425	0.0909084648849425	0.0909084648849425	0.0909084648849425	0.0909084648849425	0.09091535115057502	0.0909084648849425	0.0909084648849425	0.0909084648849425	0.0909084648849425		2gram_menor/wap_Maid
0.09090909302780174	0.09090909302780174	0.09090909302780174	0.09090909302780174	0.09090909302780174	0.09090909302780174	0.09090906972198247	0.09090909302780174	0.09090909302780174	0.09090909302780174	0.09090909302780174		2gram_menor/wap_Maid
0.09090738691410051	0.09090738691410051	0.09090738691410051	0.09090738691410051	0.09090738691410051	0.09090738691410051	0.09092613085899487	0.09090738691410051	0.09090738691410051	0.09090738691410051	0.09090738691410051		2gram_menor/wap_Maid
0.09090944678523268	0.09090944678523268	0.09090944678523268	0.09090944678523268	0.09090944678523268	0.09090944678523268	0.09090553214767327	0.09090944678523268	0.09090944678523268	0.09090944678523268	0.09090944678523268		2gram_menor/wap_Maid
0.0909071402963236	0.0909071402963236	0.0909071402963236	0.0909071402963236	0.0909071402963236	0.0909071402963236	0.09092859703676405	0.0909071402963236	0.0909071402963236	0.0909071402963236	0.0909071402963236		2gram_menor/wap_Maid
0.09090714422988387	0.09090714422988387	0.09090714422988387	0.09090714422988387	0.09090714422988387	0.09090714422988387	0.09092855770116134	0.09090714422988387	0.09090714422988387	0.09090714422988387	0.09090714422988387		2gram_menor/wap_Maid
0.0909074610565219	0.0909074610565219	0.0909074610565219	0.0909074610565219	0.0909074610565219	0.0909074610565219	0.09092538943478108	0.0909074610565219	0.0909074610565219	0.0909074610565219	0.0909074610565219		2gram_menor/wap_Maid
0.09090813896523979	0.09090813896523979	0.09090813896523979	0.09090813896523979	0.09090813896523979	0.09090813896523979	0.0909186103476022	0.09090813896523979	0.09090813896523979	0.09090813896523979	0.09090813896523979		2gram_menor/wap_Maid
0.09090929666266134	0.09090929666266134	0.09090929666266134	0.09090929666266134	0.09090929666266134	0.09090929666266134	0.09090703337338661	0.09090929666266134	0.09090929666266134	0.09090929666266134	0.09090929666266134		2gram_menor/wap_Maid
0.09090787539362999	0.09090787539362999	0.09090787539362999	0.09090787539362999	0.09090787539362999	0.09090787539362999	0.09092124606370021	0.09090787539362999	0.09090787539362999	0.09090787539362999	0.09090787539362999		2gram_menor/wap_Maid
0.09090893950870554	0.09090893950870554	0.09090893950870554	0.09090893950870554	0.09090893950870554	0.09090893950870554	0.09091060491294459	0.09090893950870554	0.09090893950870554	0.09090893950870554	0.09090893950870554		2gram_menor/wap_Maid
0.09090926360865315	0.09090926360865315	0.09090926360865315	0.09090926360865315	0.09090926360865315	0.09090926360865315	0.09090736391346849	0.09090926360865315	0.09090926360865315	0.09090926360865315	0.09090926360865315		2gram_menor/wap_Maid
0.09090862440772778	0.09090862440772778	0.09090862440772778	0.09090862440772778	0.09090862440772778	0.09090862440772778	0.0909137559227221	0.09090862440772778	0.09090862440772778	0.09090862440772778	0.09090862440772778		2gram_menor/wap_Maid
0.09090954422591072	0.09090954422591072	0.09090954422591072	0.09090954422591072	0.09090954422591072	0.09090954422591072	0.0909045577408929	0.09090954422591072	0.09090954422591072	0.09090954422591072	0.09090954422591072		2gram_menor/wap_Maid
0.09090910507678575	0.09090910507678575	0.09090910507678575	0.09090910507678575	0.09090910507678575	0.09090910507678575	0.09090894923214252	0.09090910507678575	0.09090910507678575	0.09090910507678575	0.09090910507678575		2gram_menor/wap_Maid
0.09090877507289735	0.09090877507289735	0.09090877507289735	0.09090877507289735	0.09090877507289735	0.09090877507289735	0.09091224927102644	0.09090877507289735	0.09090877507289735	0.09090877507289735	0.09090877507289735		2gram_menor/wap_Maid
0.09090811622975414	0.09090811622975414	0.09090811622975414	0.09090811622975414	0.09090811622975414	0.09090811622975414	0.09091883770245857	0.09090811622975414	0.09090811622975414	0.09090811622975414	0.09090811622975414		2gram_menor/wap_Maid
0.09090892802000071	0.09090892802000071	0.09090892802000071	0.09090892802000071	0.09090892802000071	0.09090892802000071	0.09091071979999288	0.09090892802000071	0.09090892802000071	0.09090892802000071	0.09090892802000071		2gram_menor/wap_Maid
0.0909097661933197	0.0909097661933197	0.0909097661933197	0.0909097661933197	0.0909097661933197	0.0909097661933197	0.090902338066803	0.0909097661933197	0.0909097661933197	0.0909097661933197	0.0909097661933197		2gram_menor/wap_Maid
0.09090809474946669	0.09090809474946669	0.09090809474946669	0.09090809474946669	0.09090809474946669	0.09090809474946669	0.09091905250533304	0.09090809474946669	0.09090809474946669	0.09090809474946669	0.09090809474946669		2gram_menor/wap_Maid
0.09090849762719493	0.09090849762719493	0.09090849762719493	0.09090849762719493	0.09090849762719493	0.09090849762719493	0.09091502372805071	0.09090849762719493	0.09090849762719493	0.09090849762719493	0.09090849762719493		2gram_menor/wap_Maid
0.09090964091940144	0.09090964091940144	0.09090964091940144	0.09090964091940144	0.09090964091940144	0.09090964091940144	0.09090359080598552	0.09090964091940144	0.09090964091940144	0.09090964091940144	0.09090964091940144		2gram_menor/wap_Maid
0.09090944356225807	0.09090944356225807	0.09090944356225807	0.09090944356225807	0.09090944356225807	0.09090944356225807	0.09090556437741934	0.09090944356225807	0.09090944356225807	0.09090944356225807	0.09090944356225807		2gram_menor/wap_Maid
0.09090816993919942	0.09090816993919942	0.09090816993919942	0.09090816993919942	0.09090816993919942	0.09090816993919942	0.09091830060800579	0.09090816993919942	0.09090816993919942	0.09090816993919942	0.09090816993919942		2gram_menor/wap_Maid
0.09090981356097316	0.09090981356097316	0.09090981356097316	0.09090981356097316	0.09090981356097316	0.09090981356097316	0.09090186439026843	0.09090981356097316	0.09090981356097316	0.09090981356097316	0.09090981356097316		2gram_menor/wap_Maid
0.09090905866057448	0.09090905866057448	0.09090905866057448	0.09090905866057448	0.09090905866057448	0.09090905866057448	0.09090941339425504	0.09090905866057448	0.09090905866057448	0.09090905866057448	0.09090905866057448		2gram_menor/wap_Maid
0.09090935972240104	0.09090935972240104	0.09090935972240104	0.09090935972240104	0.09090935972240104	0.09090935972240104	0.0909064027759895	0.09090935972240104	0.09090935972240104	0.09090935972240104	0.09090935972240104		2gram_menor/wap_Maid
0.09090883755297686	0.09090883755297686	0.09090883755297686	0.09090883755297686	0.09090883755297686	0.09090883755297686	0.09091162447023138	0.09090883755297686	0.09090883755297686	0.09090883755297686	0.09090883755297686		2gram_menor/wap_Maid
0.09090887657820024	0.09090887657820024	0.09090887657820024	0.09090887657820024	0.09090887657820024	0.09090887657820024	0.09091123421799763	0.09090887657820024	0.09090887657820024	0.09090887657820024	0.09090887657820024		2gram_menor/wap_Maid
0.09090770637666418	0.09090770637666418	0.09090770637666418	0.09090770637666418	0.09090770637666418	0.09090770637666418	0.0909229362333582	0.09090770637666418	0.09090770637666418	0.09090770637666418	0.09090770637666418		2gram_menor/wap_Maid
0.0909074026386928	0.0909074026386928	0.0909074026386928	0.0909074026386928	0.0909074026386928	0.0909074026386928	0.09092597361307193	0.0909074026386928	0.0909074026386928	0.0909074026386928	0.0909074026386928		2gram_menor/wap_Maid
0.09090820610187454	0.09090820610187454	0.09090820610187454	0.09090820610187454	0.09090820610187454	0.09090820610187454	0.09091793898125461	0.09090820610187454	0.09090820610187454	0.09090820610187454	0.09090820610187454		2gram_menor/wap_Maid
0.09090908910730475	0.09090908910730475	0.09090908910730475	0.09090908910730475	0.09090908910730475	0.09090908910730475	0.09090910892695246	0.09090908910730475	0.09090908910730475	0.09090908910730475	0.09090908910730475		2gram_menor/wap_Maid
0.09090968999256287	0.09090968999256287	0.09090968999256287	0.09090968999256287	0.09090968999256287	0.09090968999256287	0.09090310007437133	0.09090968999256287	0.09090968999256287	0.09090968999256287	0.09090968999256287		2gram_menor/wap_Maid
0.09090957199542189	0.09090957199542189	0.09090957199542189	0.09090957199542189	0.09090957199542189	0.09090957199542189	0.09090428004578101	0.09090957199542189	0.09090957199542189	0.09090957199542189	0.09090957199542189		2gram_menor/wap_Maid
0.09090921306635051	0.09090921306635051	0.09090921306635051	0.09090921306635051	0.09090921306635051	0.09090921306635051	0.09090786933649489	0.09090921306635051	0.09090921306635051	0.09090921306635051	0.09090921306635051		2gram_menor/wap_Maid
0.09090819154622753	0.09090819154622753	0.09090819154622753	0.09090819154622753	0.09090819154622753	0.09090819154622753	0.09091808453772456	0.09090819154622753	0.09090819154622753	0.09090819154622753	0.09090819154622753		2gram_menor/wap_Maid
0.09090926619526969	0.09090926619526969	0.09090926619526969	0.09090926619526969	0.09090926619526969	0.09090926619526969	0.09090733804730315	0.09090926619526969	0.09090926619526969	0.09090926619526969	0.09090926619526969		2gram_menor/wap_Maid
0.09090944694139089	0.09090944694139089	0.09090944694139089	0.09090944694139089	0.09090944694139089	0.09090944694139089	0.09090553058609108	0.09090944694139089	0.09090944694139089	0.09090944694139089	0.09090944694139089		2gram_menor/wap_Maid
0.09091014602831277	0.09091014602831277	0.09091014602831277	0.09091014602831277	0.09091014602831277	0.09091014602831277	0.09089853971687234	0.09091014602831277	0.09091014602831277	0.09091014602831277	0.09091014602831277		2gram_menor/wap_Maid
0.09090977457524586	0.09090977457524586	0.09090977457524586	0.09090977457524586	0.09090977457524586	0.09090977457524586	0.09090225424754136	0.09090977457524586	0.09090977457524586	0.09090977457524586	0.09090977457524586		2gram_menor/wap_Maid
0.09090903827775276	0.09090903827775276	0.09090903827775276	0.09090903827775276	0.09090903827775276	0.09090903827775276	0.09090961722247247	0.09090903827775276	0.09090903827775276	0.09090903827775276	0.09090903827775276		2gram_menor/wap_Maid
0.09090946551359434	0.09090946551359434	0.09090946551359434	0.09090946551359434	0.09090946551359434	0.09090946551359434	0.09090534486405656	0.09090946551359434	0.09090946551359434	0.09090946551359434	0.09090946551359434		2gram_menor/wap_Maid
0.09090836351457901	0.09090836351457901	0.09090836351457901	0.09090836351457901	0.09090836351457901	0.09090836351457901	0.09091636485420987	0.09090836351457901	0.09090836351457901	0.09090836351457901	0.09090836351457901		2gram_menor/wap_Maid
0.09090931343107307	0.09090931343107307	0.09090931343107307	0.09090931343107307	0.09090931343107307	0.09090931343107307	0.09090686568926933	0.09090931343107307	0.09090931343107307	0.09090931343107307	0.09090931343107307		2gram_menor/wap_Maid
0.09090909409939708	0.09090909409939708	0.09090909409939708	0.09090909409939708	0.09090909409939708	0.09090909409939708	0.09090905900602908	0.09090909409939708	0.09090909409939708	0.09090909409939708	0.09090909409939708		2gram_menor/wap_Maid
0.09090904917807106	0.09090904917807106	0.09090904917807106	0.09090904917807106	0.09090904917807106	0.09090904917807106	0.09090950821928935	0.09090904917807106	0.09090904917807106	0.09090904917807106	0.09090904917807106		2gram_menor/wap_Maid
0.09090802413237983	0.09090802413237983	0.09090802413237983	0.09090802413237983	0.09090802413237983	0.09090802413237983	0.09091975867620154	0.09090802413237983	0.09090802413237983	0.09090802413237983	0.09090802413237983		2gram_menor/wap_Maid
0.09090951703909492	0.09090951703909492	0.09090951703909492	0.09090951703909492	0.09090951703909492	0.09090951703909492	0.09090482960905091	0.09090951703909492	0.09090951703909492	0.09090951703909492	0.09090951703909492		2gram_menor/wap_Maid
