0.0625338381690094	0.0625333737545711	0.0624665493973639	0.06253362127310592	0.06253358783441497	0.06253351574222725	0.062465794582345885	0.0625334283028066	0.06246627431097138	0.25000067663157893	0.06246651467675164	0.06246634794239125	0.062466477382461846		2gram_menor/20newsGroup_science_Maid/sci.crypt
0.06253743329513016	0.06253691756569088	0.062463229754777236	0.06253701124836945	0.06253694814559092	0.06253687568728881	0.06246253963754459	0.06253706615620466	0.06246295261409951	0.24999991244273276	0.062463034974815396	0.062462921095866666	0.06246315738188888		2gram_menor/20newsGroup_science_Maid/sci.crypt
0.06247886231524867	0.06247872428853419	0.06252131848613045	0.06247872837144482	0.06247870691148258	0.062478697092661364	0.06252115004792712	0.06247876603928541	0.06252126432679443	0.24999997128773485	0.06252126647804618	0.06252123569409739	0.06252130866061259		2gram_menor/20newsGroup_science_Maid/sci.crypt
0.06256291874246311	0.06256299342132926	0.06243702179442465	0.06256298445875871	0.06256286068728097	0.0625628924557725	0.062437114346496465	0.06256310373536908	0.06243706805741524	0.24999991211469755	0.062437054205904535	0.0624370224810709	0.06243705349901706		2gram_menor/20newsGroup_science_Maid/sci.crypt
0.06257138115343815	0.06257122435996743	0.06242884777162056	0.06257131243844379	0.06257116857701372	0.0625710919849	0.06242845305485184	0.06257123798880707	0.06242880618516417	0.24999988266361667	0.06242888833459274	0.06242893413386483	0.06242877135371893		2gram_menor/20newsGroup_science_Maid/sci.crypt
0.06252944143916038	0.06252939521553942	0.06247060256575301	0.06252937428607631	0.06252939271332897	0.06252938971055719	0.06247058861379165	0.06252948401266704	0.062470626765998336	0.24999997175734925	0.0624706009100077	0.062470532443966165	0.062470599565804516		2gram_menor/20newsGroup_science_Maid/sci.crypt
0.0625292587748048	0.06252932832112278	0.06247065720521115	0.06252927793995405	0.06252924845728282	0.06252926359188933	0.06247074272613131	0.06252934609376516	0.06247076155953221	0.2500000299851661	0.0624707076241567	0.06247070539534747	0.06247067232563621		2gram_menor/20newsGroup_science_Maid/sci.crypt
0.06253157966919182	0.06253136545301495	0.06246836095303321	0.06253154565837099	0.0625318432579015	0.06253179099536706	0.06246825963715353	0.06253137895321445	0.0624684581565896	0.24999993351767638	0.062468634191631275	0.06246854081329945	0.062468308743555655		2gram_menor/20newsGroup_science_Maid/sci.crypt
0.06248949070529822	0.06248973326028461	0.06251020225187054	0.0624896260880287	0.06248961517815828	0.06248964774732973	0.06251053483993056	0.062489835651486955	0.06251034594775517	0.2500003281299889	0.06251023579722219	0.06251016957087427	0.06251023483177187		2gram_menor/20newsGroup_science_Maid/sci.crypt
0.06253210103432794	0.06253237576436453	0.06246763504785414	0.06253216053042425	0.06253216793384077	0.06253221595653867	0.06246816447397874	0.06253248452749324	0.06246781549399008	0.2499999591003231	0.06246759713001005	0.06246763998586174	0.06246768302099286		2gram_menor/20newsGroup_science_Maid/sci.crypt
0.06247155929093824	0.062471231813154955	0.06252872503056268	0.06247128941421335	0.0624713669907938	0.062471366288691474	0.06252841207339346	0.062471189096793334	0.06252870601964965	0.24999992501528617	0.06252876163687408	0.06252874300183307	0.06252872432781577		2gram_menor/20newsGroup_science_Maid/sci.crypt
0.062434372023757824	0.062434402816560444	0.06256566370004682	0.0624343563212722	0.06243437659779417	0.062434377751256646	0.06256575350989813	0.062434342406941915	0.06256557843150584	0.24999995472995226	0.06256552980804533	0.06256562704703357	0.06256566485593483		2gram_menor/20newsGroup_science_Maid/sci.crypt
0.0624816832298217	0.06248146880949181	0.0625184497018784	0.062481588211110606	0.06248171561181791	0.062481657729022165	0.06251823547780873	0.062481497725949166	0.06251840374240265	0.24999990885169568	0.06251851949184888	0.06251847963209989	0.06251839178505242		2gram_menor/20newsGroup_science_Maid/sci.crypt
0.062484552841307446	0.06248401782081045	0.06251598501157432	0.0624841920857102	0.06248421851862132	0.062484172103874414	0.0625152945352819	0.06248405692213471	0.06251577487723879	0.25000003347142563	0.0625159454601033	0.06251581777868691	0.0625159385732306		2gram_menor/20newsGroup_science_Maid/sci.crypt
0.06252854228202134	0.0625289743815153	0.06247102839390642	0.06252896599331044	0.06252903953787353	0.06252900764654676	0.062471535708044104	0.0625290295628364	0.06247098062781768	0.24999995359799626	0.06247096751658164	0.0624709782193834	0.06247099653216675		2gram_menor/20newsGroup_science_Maid/sci.crypt
0.06247389734179623	0.06247368144015783	0.06252624511057966	0.06247380410133227	0.06247386872762662	0.06247384607531441	0.06252596498434475	0.062473639415730246	0.06252611416034581	0.25000028868485424	0.06252623433597718	0.06252619318266436	0.06252622243927637		2gram_menor/20newsGroup_science_Maid/sci.crypt
0.06242945545024768	0.062429080140380136	0.06257091837850275	0.062429219270100894	0.06242923608757708	0.06242921480078672	0.0625704124120901	0.06242889996754575	0.0625708113587194	0.2499998817274619	0.06257094881951918	0.0625710245436659	0.06257089704340237		2gram_menor/20newsGroup_science_Maid/sci.crypt
0.06252671115139521	0.06252672642516384	0.062473307685166256	0.06252680280968823	0.06252682595663919	0.06252677322732157	0.062473263754505036	0.06252675296795389	0.06247315849743411	0.2499999647450751	0.06247323041956988	0.06247322735910665	0.062473255000981026		2gram_menor/20newsGroup_science_Maid/sci.crypt
0.06253421281451792	0.0625345504626192	0.06246549232012375	0.06253451607167115	0.0625344608998074	0.06253445806785735	0.06246580501994106	0.06253454854912524	0.062465520794902106	0.2499999411660023	0.062465483122073596	0.0624655212200619	0.06246548949129704		2gram_menor/20newsGroup_science_Maid/sci.crypt
0.06250983307446165	0.06251002339782762	0.06249000841184274	0.06251004992506906	0.06251009624826566	0.06251004189663405	0.06249021019311847	0.06251007105613919	0.06248989781354959	0.2499999486099023	0.06248991929707453	0.062489945998437976	0.06248995407767725		2gram_menor/20newsGroup_science_Maid/sci.crypt
0.06243052255937907	0.06242985598563594	0.06257009765642689	0.06243011923520644	0.06243010530282042	0.062430124506686654	0.06256914546645014	0.062429634881164583	0.06256991726413377	0.25000009055818345	0.06257017915814295	0.0625700905224141	0.06257011690335566		2gram_menor/20newsGroup_science_Maid/sci.crypt
0.06242884069969278	0.062428269040360786	0.0625716668728706	0.0624283985184217	0.06242851382327586	0.06242851186541464	0.06257107177623783	0.06242813042087963	0.06257157838011929	0.24999993805754508	0.06257170568821702	0.06257170994644493	0.06257166491051988		2gram_menor/20newsGroup_science_Maid/sci.crypt
0.0625179701149901	0.06251810866911534	0.06248192198790324	0.06251819972404173	0.0625182264007594	0.06251816170658417	0.06248199045890679	0.06251811799780405	0.06248176599658444	0.24999994989935553	0.06248185302924337	0.06248187668341583	0.06248185733129604		2gram_menor/20newsGroup_science_Maid/sci.crypt
0.06251006354904272	0.06251028561757298	0.06248973704028394	0.06251032643715086	0.0625103386479587	0.06251028334382967	0.062489924472211945	0.0625103048736088	0.06248960824588689	0.25000011052001925	0.06248964530861623	0.06248969018943646	0.06248968175438156		2gram_menor/20newsGroup_science_Maid/sci.crypt
0.0625703540064174	0.06257019878957286	0.0624297820077076	0.06257030652502156	0.06257029280811342	0.06257026106826906	0.062429500014628485	0.06257025135403724	0.06242977746022208	0.24999986860358114	0.062429879395228885	0.062429777628060436	0.062429750339139785		2gram_menor/20newsGroup_science_Maid/sci.crypt
0.06245804076844563	0.06245738247333383	0.06254225346606052	0.062457663942484205	0.0624580615190977	0.062458008708121245	0.06254170021363765	0.062457326693456994	0.06254231713119307	0.2499999862064515	0.06254259436922051	0.06254246392460083	0.0625422005838962		2gram_menor/20newsGroup_science_Maid/sci.crypt
0.06248721971068208	0.062487169616792584	0.06251283436622178	0.06248721568109362	0.062487170159186534	0.06248715745757914	0.06251268788869509	0.06248720936157031	0.06251285767695436	0.249999918126452	0.06251290160708502	0.06251283668828976	0.06251282165939767		2gram_menor/20newsGroup_science_Maid/sci.crypt
0.06251932646039109	0.06251932193395428	0.062480726474474065	0.06251934464596445	0.0625193263059515	0.06251929808930495	0.062480676773523064	0.06251934722154107	0.06248065774728856	0.249999916473208	0.062480677510222855	0.06248068208892743	0.06248069827524866		2gram_menor/20newsGroup_science_Maid/sci.crypt
0.062463462557375254	0.062463344233948136	0.06253679111174842	0.06246328560280254	0.06246319945443175	0.06246318648652989	0.06253663742012443	0.06246341391806274	0.06253671529310986	0.24999987110559624	0.06253665360044289	0.06253666108725943	0.06253677812856837		2gram_menor/20newsGroup_science_Maid/sci.crypt
0.0624926261485039	0.06249249018999137	0.06250752402824011	0.062492465183545565	0.062492458094154275	0.06249245882461697	0.0625074023819568	0.06249253029807013	0.06250755175431609	0.2499999380742113	0.06250752510991876	0.06250750515359582	0.06250752475887891		2gram_menor/20newsGroup_science_Maid/sci.crypt
0.06248867632967467	0.0624886697374166	0.06251127037201858	0.06248881385714517	0.06248890273140011	0.06248886844556963	0.06251120255952831	0.06248861858043737	0.06251119806893389	0.2499998947354863	0.06251133925148877	0.06251130925698502	0.06251123607391568		2gram_menor/20newsGroup_science_Maid/sci.crypt
0.06248298513356089	0.06248276590658338	0.06251725237340101	0.06248289159831593	0.06248292498451748	0.062482888248571025	0.06251693455767002	0.06248279847457488	0.06251708555673813	0.2499999315102801	0.06251720835992305	0.06251711767859165	0.06251721561727233		2gram_menor/20newsGroup_science_Maid/sci.crypt
0.062487133151660615	0.062486851102778795	0.06251318236155873	0.062486890109742205	0.06248690220254123	0.062486883270606426	0.06251286848566737	0.06248688603181028	0.06251309124924276	0.24999993328203193	0.06251312800962275	0.06251308732107522	0.06251316342166172		2gram_menor/20newsGroup_science_Maid/sci.crypt
0.06248508474081917	0.062484883377347256	0.06251516705688287	0.06248497424157861	0.06248498029565379	0.062484948707655336	0.06251487372116687	0.06248493172518979	0.06251501785781294	0.24999987497948942	0.06251510529961171	0.06251502254316813	0.06251513545362417		2gram_menor/20newsGroup_science_Maid/sci.crypt
0.062491409025414495	0.062491055966679095	0.06250893686275391	0.0624911605209338	0.06249112134114376	0.0624911020103207	0.06250843617490294	0.062491080352670085	0.06250884702993215	0.250000127682621	0.06250894972118452	0.06250885578502366	0.06250891752641986		2gram_menor/20newsGroup_science_Maid/sci.crypt
0.06248688028365875	0.0624867658958717	0.06251315164088342	0.06248697313520854	0.06248701467183833	0.06248698169733402	0.06251286383581518	0.062486680952770005	0.06251304541351292	0.25000008974541243	0.062513248829113	0.06251318524599513	0.0625131186525866		2gram_menor/20newsGroup_science_Maid/sci.crypt
0.06248804705628483	0.06248765706997529	0.06251236231114018	0.06248774398820958	0.062487723797543686	0.0624876997787098	0.06251185923318733	0.06248769984212479	0.06251224716618081	0.2500000462984164	0.06251233122251017	0.06251224395288126	0.06251233828283588		2gram_menor/20newsGroup_science_Maid/sci.crypt
0.0624874882343915	0.062487409146136826	0.06251257975548388	0.06248746864956672	0.062487472983106314	0.062487452396967146	0.06251244085386687	0.062487440068457245	0.06251248264775472	0.25000017971603655	0.0625125400010553	0.06251248638610347	0.06251255916107347		2gram_menor/20newsGroup_science_Maid/sci.crypt
0.06249241157497824	0.06249208484748448	0.06250791721862838	0.062492251264261625	0.06249224783171845	0.06249221720324558	0.06250741362981828	0.06249205800450933	0.0625076935153195	0.2500001907844943	0.06250785621599629	0.0625077713270698	0.06250788658247572		2gram_menor/20newsGroup_science_Maid/sci.crypt
0.06249372471526084	0.06249384255979561	0.06250613655169712	0.06249400401609571	0.0624939629852139	0.062493935767059104	0.0625060462764103	0.0624938806261182	0.062506009085137	0.25000016331554686	0.06250616757020855	0.06250601720321636	0.06250610932824037		2gram_menor/20newsGroup_science_Maid/sci.crypt
0.06250246615482201	0.06250197381193923	0.062497976007442155	0.062502073554157	0.0625021702820375	0.06250213706366163	0.06249747572318099	0.06250200038533937	0.06249787909675018	0.25000001785555714	0.06249797588215262	0.06249791139166475	0.062497942791295454		2gram_menor/20newsGroup_science_Maid/sci.crypt
0.06249348642163093	0.06249358167177649	0.06250641949410142	0.062493653804901815	0.06249365032983719	0.062493635243784026	0.06250643501261301	0.06249361370934153	0.0625063674726164	0.24999995525486787	0.06250643752425303	0.06250635965531048	0.06250640440496576		2gram_menor/20newsGroup_science_Maid/sci.crypt
0.062484765702819106	0.06248487928317724	0.06251514671155824	0.06248498272717874	0.0624849918185559	0.062484956373263977	0.06251515825507986	0.062484930333619605	0.0625149801842938	0.25000002838170915	0.06251507989526907	0.06251498908431476	0.06251511124916065		2gram_menor/20newsGroup_science_Maid/sci.crypt
0.06249134626201894	0.06249124244092371	0.06250877585347706	0.062491298259908706	0.06249129529125389	0.06249129968277711	0.06250860870944168	0.06249123637263285	0.06250871739790967	0.2499999202765027	0.06250877100262359	0.06250870820430132	0.06250878024622873		2gram_menor/20newsGroup_science_Maid/sci.crypt
0.062486608342820014	0.062486385078043515	0.06251354917694774	0.06248649254003882	0.06248652856358346	0.06248651700408929	0.06251324777111882	0.06248644861849142	0.06251356551523413	0.2499999344128866	0.06251366977309843	0.06251351559119267	0.06251353761245503		2gram_menor/20newsGroup_science_Maid/sci.crypt
0.06249213784801387	0.062491705465152744	0.06250829383577369	0.06249190623126213	0.06249195883821391	0.0624919366234961	0.06250770567528921	0.062491644912548126	0.06250807334110187	0.24999992850423444	0.06250827001732576	0.06250816709233906	0.06250827161524913		2gram_menor/20newsGroup_science_Maid/sci.crypt
0.06249203777643978	0.0624917963935271	0.06250808917947145	0.062491863994824856	0.062491900107375084	0.06249189896212244	0.06250786339229518	0.06249187526356502	0.06250810054199353	0.25000025384649727	0.06250816458904593	0.06250806791892004	0.06250808803392213		2gram_menor/20newsGroup_science_Maid/sci.crypt
0.06247967324845772	0.06247972783305974	0.06252030638838972	0.06247963407259618	0.06247958050740962	0.06247957640487847	0.06252039614111787	0.0624797769873899	0.06252027466062302	0.2500003456477348	0.06252017887719159	0.06252022694796697	0.06252030228318448		2gram_menor/20newsGroup_science_Maid/sci.crypt
0.06248207925798877	0.06248181969367192	0.06251821200473337	0.06248185552129916	0.062481847756174394	0.0624818330289586	0.06251790399640694	0.06248185689926937	0.06251813816943327	0.2499999606038642	0.06251817197183639	0.06251812382741738	0.0625181972689464		2gram_menor/20newsGroup_science_Maid/sci.crypt
0.06249045947343809	0.06249035069087082	0.06250966095805138	0.06249041197421883	0.06249042059976804	0.062490379705160484	0.0625094940813133	0.06249037114016653	0.06250958432661202	0.24999996612366007	0.06250964295861752	0.06250963791727024	0.06250962005085267		2gram_menor/20newsGroup_science_Maid/sci.crypt
0.062491624611269045	0.062491154681866654	0.06250888204616588	0.062491293419735076	0.062491248652645645	0.062491201728220085	0.06250822241104924	0.06249117813948833	0.06250874504262983	0.24999992700034268	0.06250888065830572	0.06250880649978233	0.06250883510849949		2gram_menor/20newsGroup_science_Maid/sci.crypt
0.062485325089389816	0.06248536162913137	0.06251465437443697	0.062485419181078146	0.062485405177364665	0.062485422689756306	0.06251461385874946	0.062485285209612655	0.06251455256116654	0.2500000944780899	0.06251460759924911	0.06251458625694892	0.06251467189502612		2gram_menor/20newsGroup_science_Maid/sci.crypt
0.06248140886111555	0.06248108656719472	0.06251894652799528	0.06248122568163047	0.06248119597227789	0.062481162892399175	0.06251844840142246	0.062481130331728085	0.06251879216988353	0.24999995621216675	0.06251892812625447	0.06251880482780148	0.06251891342813003		2gram_menor/20newsGroup_science_Maid/sci.crypt
0.06247742161889802	0.06247750489868735	0.06252255809552558	0.06247739789521172	0.0624773225037692	0.06247732793944737	0.06252266914770674	0.062477549153711585	0.06252256860782443	0.2500001477509654	0.06252246030629614	0.06252250854681717	0.06252256353513938		2gram_menor/20newsGroup_science_Maid/sci.crypt
0.06246476929297178	0.06246497810301729	0.0625351448294192	0.06246485061360914	0.06246479225383786	0.06246479060882129	0.06253541693156499	0.06246503577104323	0.06253512107304797	0.24999990670150363	0.0625349915223145	0.0625350591162992	0.06253514318254991		2gram_menor/20newsGroup_science_Maid/sci.crypt
0.06255960561511875	0.06255987631281822	0.062440125619896814	0.06255966341697443	0.06255969756394777	0.06255969691555256	0.062440637533558795	0.06255994981838109	0.06244034559553702	0.24999988397371709	0.0624401287034993	0.06244026395825734	0.06244012497274091		2gram_menor/20newsGroup_science_Maid/sci.crypt
0.06255494232623794	0.06255492445095227	0.0624451408587581	0.06255485270626883	0.0625548890515265	0.0625548657154355	0.06244521911262621	0.06255505323556894	0.06244508321540819	0.2499999265622245	0.06244500338151481	0.06244498181986948	0.06244511756360866		2gram_menor/20newsGroup_science_Maid/sci.crypt
0.06245725874682211	0.06245762669375408	0.06254235927314028	0.06245765232668956	0.06245768720315784	0.06245767949094131	0.0625427306926603	0.0624575952762308	0.0625423119221274	0.25000005933486025	0.06254233587010516	0.0625423516190424	0.06254235155046851		2gram_menor/20newsGroup_science_Maid/sci.crypt
0.062459236561526334	0.06245904316559034	0.06254093398238063	0.06245911382001714	0.06245918065551551	0.06245918376948482	0.06254073277066502	0.0624589378235142	0.06254086389533771	0.24999994416697327	0.06254093381966598	0.06254095846890313	0.06254093710042585		2gram_menor/20newsGroup_science_Maid/sci.crypt
0.0625581575234979	0.06255821278034368	0.06244183765592623	0.06255814872058006	0.062558116465312	0.06255811661781044	0.06244197817056104	0.06255828513715567	0.06244182685651568	0.24999992030316862	0.06244175836393133	0.06244180359705602	0.06244183780814126		2gram_menor/20newsGroup_science_Maid/sci.crypt
0.06248458900710487	0.06248433103200837	0.06251572424387096	0.06248435323689263	0.06248432642835834	0.062484312456343005	0.0625154121177284	0.06248437311698528	0.06251565227245079	0.2499999125749254	0.0625156722133581	0.06251563103513902	0.06251571026483485		2gram_menor/20newsGroup_science_Maid/sci.crypt
0.06256645650391428	0.06256654149536951	0.06243352767383983	0.06256648452423472	0.06256643995079227	0.06256642066619549	0.06243361919316765	0.06256660595629886	0.062433524499383435	0.24999992072553168	0.062433462384348014	0.06243348799671417	0.06243350843021008		2gram_menor/20newsGroup_science_Maid/sci.crypt
0.06252844188331225	0.06252852177576823	0.062471510551924306	0.06252849082503233	0.06252848140689556	0.06252847175575864	0.062471607761215374	0.06252856852696756	0.06247150084191115	0.24999997080900985	0.06247146668823186	0.062471466264392206	0.06247150090958073		2gram_menor/20newsGroup_science_Maid/sci.crypt
0.06254109703631092	0.0625410882170589	0.062458875825843245	0.06254112426719	0.06254118246971918	0.06254116082498382	0.06245888668120425	0.06254110736421689	0.06245886495880784	0.24999997615573172	0.06245889809305625	0.06245888389628378	0.06245885420959325		2gram_menor/20newsGroup_science_Maid/sci.crypt
0.062463720137923985	0.06246368878749139	0.06253629011454188	0.062463747872293925	0.06246379121653255	0.06246378976026274	0.06253623820753319	0.0624636153437166	0.06253621157037804	0.25000006701452293	0.06253626930632102	0.06253628201189979	0.06253628865658187		2gram_menor/20newsGroup_science_Maid/sci.crypt
0.062474016152887	0.06247410728703865	0.06252588088515301	0.06247408808019538	0.06247407622855625	0.06247408103184398	0.06252597512476395	0.06247407835267236	0.06252584912744226	0.25000027058562696	0.06252582847041724	0.0625258629809792	0.06252588569242375		2gram_menor/20newsGroup_science_Maid/sci.crypt
0.0625177036981593	0.06251783496856654	0.062482184270596	0.06251783145288646	0.06251783761983348	0.06251782982118576	0.06248232234779708	0.06251786558190475	0.062482160124914136	0.24999995894825747	0.062482154433302926	0.062482140256200254	0.062482176476395805		2gram_menor/20newsGroup_science_Maid/sci.crypt
0.0624738014008093	0.062473735016415774	0.06252632515502224	0.062473647942097796	0.0624735973052602	0.06247359910641248	0.06252629037330029	0.06247378613826759	0.0625263644476302	0.2499999470455136	0.06252627566709948	0.06252630344447639	0.06252632695769475		2gram_menor/20newsGroup_science_Maid/sci.crypt
0.06247456776511435	0.062474224217509984	0.0625255935827499	0.06247410236642128	0.06247429768547318	0.06247430387221279	0.06252556176125647	0.0624742873217509	0.06252591128890794	0.24999993440455537	0.0625257873662031	0.06252582859327534	0.06252559977456928		2gram_menor/20newsGroup_science_Maid/sci.crypt
0.06244216029569793	0.06244170462708891	0.06255818034078857	0.06244196363601121	0.06244200612957691	0.062441998702984516	0.06255750044445875	0.06244155829358525	0.06255807844752043	0.2500001095002965	0.06255833591476914	0.06255823076684294	0.0625581729003789		2gram_menor/20newsGroup_science_Maid/sci.crypt
0.06243743237017775	0.062436789505723324	0.06256308892679575	0.062437005748965456	0.06243693323750222	0.06243694695569193	0.0625621492655757	0.06243662670824137	0.06256299831050893	0.2500005889277994	0.0625632129671418	0.0625631244031728	0.06256310267270349		2gram_menor/20newsGroup_science_Maid/sci.crypt
0.06246908229802195	0.06246881081727586	0.06253114713823613	0.06246897248380794	0.062468974286414305	0.06246896699962134	0.0625307096179445	0.06246872623800863	0.06253099380099847	0.2500002383048984	0.06253115325737844	0.06253108491320306	0.06253113984419095		2gram_menor/20newsGroup_science_Maid/sci.crypt
0.06254801726980408	0.06254792480085826	0.062452051173260116	0.0625480492670685	0.0625480801608092	0.06254802769998062	0.062451858735026296	0.06254796469763925	0.0624518872871068	0.2500001935392729	0.06245200600273176	0.062451940573468395	0.06245199879297379		2gram_menor/20newsGroup_science_Maid/sci.crypt
0.062472157927722066	0.062472086843322776	0.06252796865026856	0.06247203130067099	0.062471985608003704	0.062471991112554026	0.06252790176874334	0.06247215099089291	0.06252797375037844	0.24999997067729168	0.062527916081636	0.0625278911287639	0.06252797415975171		2gram_menor/20newsGroup_science_Maid/sci.crypt
0.06245742133358109	0.062457054546585844	0.06254290688262633	0.0624571850951843	0.06245721669248177	0.06245729415757206	0.06254249730598668	0.062456768399459246	0.06254277243276579	0.25000004003841314	0.06254290078404666	0.06254295787729969	0.0625429844539974		2gram_menor/20newsGroup_science_Maid/sci.crypt
0.06245580435624274	0.06245581313398855	0.06254432298679721	0.062455655209184266	0.062455504775082334	0.062455618145520635	0.0625443333439221	0.06245557835179051	0.0625443532878216	0.25000003268113574	0.06254419350165344	0.06254435370840078	0.06254443651846006		2gram_menor/20newsGroup_science_Maid/sci.crypt
0.06249769191670018	0.06249743308376808	0.06250255733186147	0.062497504765591017	0.06249749478029717	0.062497480863630245	0.06250221385786701	0.062497453445443094	0.06250249195960562	0.2500000774703714	0.06250256205501925	0.06250249505577815	0.06250254341406725		2gram_menor/20newsGroup_science_Maid/sci.crypt
0.06248316619460332	0.062483012990907645	0.06251700711253856	0.062483106152901	0.06248309681122318	0.06248306665146278	0.06251678262352724	0.06248304176380743	0.06251687479400476	0.24999996689089132	0.06251696557285065	0.062516935504872	0.06251697693641013		2gram_menor/20newsGroup_science_Maid/sci.crypt
0.0624487942286554	0.06244938024454907	0.06255068749423573	0.06244934429214847	0.06244928837000413	0.06244931398706898	0.06255124703189652	0.062449360470526835	0.0625506633221022	0.2499999580940118	0.06255062551639552	0.06255062379551023	0.0625507131528951		2gram_menor/20newsGroup_science_Maid/sci.crypt
0.062481688542741	0.06248173234846056	0.06251828477274934	0.06248173827109202	0.06248170019017579	0.06248168198666404	0.06251827873117641	0.06248177769676393	0.06251825172765245	0.25000010926399985	0.06251825513507617	0.06251823477486937	0.062518266558579		2gram_menor/20newsGroup_science_Maid/sci.crypt
0.062479015726448414	0.06247864760431517	0.06252144537754918	0.06247863902374647	0.06247856029951245	0.06247855465523471	0.06252105068597473	0.06247872434256044	0.06252134805470509	0.24999991508609123	0.06252133613383626	0.06252132328062862	0.06252143972939725		2gram_menor/20newsGroup_science_Maid/sci.crypt
0.06245867871851727	0.0624583285158697	0.06254164822669432	0.06245844275212613	0.062458510344676456	0.06245853045305497	0.06254124491406826	0.06245816107737781	0.06254153409946646	0.24999995299571426	0.06254164635388632	0.06254165318670908	0.06254166836183896		2gram_menor/20newsGroup_science_Maid/sci.crypt
0.06252886075615702	0.06252931944418715	0.062470720730775975	0.06252928925363721	0.06252921372094315	0.06252926474924889	0.062471129068654756	0.06252923258614462	0.06247070449363755	0.2500001415780071	0.062470670765622564	0.062470681141636675	0.06247077171134727		2gram_menor/20newsGroup_science_Maid/sci.crypt
0.06255595279665234	0.06255630301948019	0.062443752962176316	0.06255622926450881	0.06255618046068434	0.06255618026726079	0.06244412367762523	0.06255636653431866	0.062443802148323665	0.2499999007027506	0.06244372444514812	0.062443730951970436	0.06244375276910039		2gram_menor/20newsGroup_science_Maid/sci.crypt
0.0625777793463221	0.0625778756790848	0.06242213656648033	0.06257793131264645	0.06257786214153703	0.06257783212995169	0.062422101245889094	0.06257794812045038	0.062422090009288986	0.25000013325226356	0.06242213899900108	0.06242206456750534	0.06242210662957916		2gram_menor/20newsGroup_science_Maid/sci.crypt
0.06260006047575666	0.06260030633360021	0.06239972029243658	0.06260031834307068	0.06260024514242085	0.06260022039320325	0.06239987618400422	0.062600362935366	0.06239971622631467	0.25000005703848216	0.06239972226442997	0.06239969874841758	0.06239969562249721		2gram_menor/20newsGroup_science_Maid/sci.crypt
0.06245517019890721	0.06245538497075603	0.06254465871109613	0.06245544610729536	0.06245538527950247	0.06245537201039033	0.06254474613941687	0.06245534044548265	0.06254459091652008	0.24999995342087253	0.0625446507708088	0.06254465560593446	0.06254464542301716		2gram_menor/20newsGroup_science_Maid/sci.crypt
0.06243871500132612	0.06243859918692447	0.06256139682011566	0.062438688363862696	0.062438689124974675	0.06243868919756228	0.0625611848152538	0.062438515874917284	0.06256129774093348	0.2500000703317509	0.06256138502239851	0.06256137162713404	0.06256139689284594		2gram_menor/20newsGroup_science_Maid/sci.crypt
0.06242653121989776	0.062426212366753595	0.06257378939444648	0.06242635471625527	0.0624263222833554	0.062426337165527375	0.06257328725913315	0.06242609325154038	0.06257372221057697	0.24999988098138684	0.06257386298346024	0.06257380185589245	0.06257380431177402		2gram_menor/20newsGroup_science_Maid/sci.crypt
0.062344255746715656	0.06234406597061455	0.06265601869980512	0.062344018738571455	0.062344063038973316	0.062344069197286966	0.06265590541154238	0.06234389569177085	0.06265584658037257	0.25000005276984655	0.06265579620699953	0.06265598705856734	0.06265602488893365		2gram_menor/20newsGroup_science_Maid/sci.crypt
0.06248179010890737	0.062481694421307854	0.06251835135737861	0.06248174394525026	0.062481700200971164	0.062481721188995004	0.06251815702176197	0.06248163009593739	0.06251827529216104	0.24999995121059346	0.06251832252840879	0.06251829027061324	0.06251837235771385		2gram_menor/20newsGroup_science_Maid/sci.crypt
0.06246343424968783	0.06246322304514169	0.06253682831676509	0.062463249473183054	0.06246317017396894	0.06246318521425678	0.06253650675082595	0.062463210955349305	0.06253680512021371	0.2499999314114844	0.06253683037553415	0.06253678153880025	0.06253684337478885		2gram_menor/20newsGroup_science_Maid/sci.crypt
0.062578390731125	0.06257911043934461	0.06242105262960718	0.06257887373846296	0.06257870627467547	0.06257874217549594	0.062421835777545974	0.06257922086909547	0.06242117604594515	0.2499998832085505	0.06242093525460923	0.062420984415559294	0.06242108843998323		2gram_menor/20newsGroup_science_Maid/sci.crypt
0.06251478361276562	0.0625150680976971	0.06248492263471731	0.06251506453890611	0.06251518252691846	0.06251511430377252	0.06248532077177925	0.06251509728726572	0.06248485234916579	0.2499999482453284	0.06248484389191116	0.062484947295178325	0.062484854444594166		2gram_menor/20newsGroup_science_Maid/sci.crypt
0.062467739213009035	0.06246784699431288	0.06253219899300132	0.06246782452294114	0.062467785173278445	0.062467776838053726	0.06253228356094766	0.06246790430779978	0.06253214665002499	0.25000008359933323	0.06253212182304879	0.06253209767506725	0.0625321906491817		2gram_menor/20newsGroup_science_Maid/sci.crypt
0.06253283411279033	0.06253268907660899	0.062467328839112816	0.06253275964051609	0.06253275869058225	0.06253272678907205	0.062467106770976825	0.06253273204109741	0.06246725199886438	0.24999993351764352	0.06246731821556886	0.0624672633361843	0.06246729697098211		2gram_menor/20newsGroup_science_Maid/sci.crypt
0.062468291107456955	0.062468263798768894	0.0625317777806844	0.062468171743663994	0.06246812699748099	0.06246814443218519	0.06253179180458326	0.06246834212636649	0.06253186876349014	0.2499999039197306	0.06253177455034709	0.06253174774208851	0.06253179523315339		2gram_menor/20newsGroup_science_Maid/sci.crypt
0.06256002095465381	0.06255974520092099	0.062440023289239734	0.06255999909764168	0.06255983562978328	0.0625599445286732	0.06243996184697567	0.06255996441631154	0.062439878013446304	0.25000030384257466	0.062440124820079046	0.06244006638012963	0.06244013197957048		2gram_menor/20newsGroup_science_Maid/sci.crypt
0.062440914852011566	0.06244036598442248	0.06255947462161834	0.06244050663649713	0.06244071635094222	0.06244070625857136	0.06255898791528175	0.06244024768981396	0.06255945876891693	0.24999996912539676	0.06255959800296775	0.0625595892835072	0.06255946451005244		2gram_menor/20newsGroup_science_Maid/sci.crypt
0.062423612569600946	0.06242355501323988	0.06257644686857733	0.06242376978063349	0.062423767257236966	0.06242375303702583	0.0625761620505023	0.062423444878625355	0.06257626975336412	0.24999990691084653	0.06257648245514877	0.06257639681161278	0.06257643261358561		2gram_menor/20newsGroup_science_Maid/sci.crypt
0.06246913035987911	0.062469244103491486	0.06253077362020279	0.06246919310535724	0.06246918930290526	0.06246918577503426	0.06253092967587154	0.06246928917880176	0.06253082265446211	0.24999992362795923	0.06253077007412433	0.06253077843305699	0.06253077008885394		2gram_menor/20newsGroup_science_Maid/sci.crypt
0.06253355993199648	0.06253318800326133	0.062466500894786475	0.0625332840774738	0.06253367603409807	0.0625336243306785	0.062466416312206605	0.0625331872796386	0.062466675825368315	0.24999990655126172	0.062466765727630776	0.062466765784691326	0.062466449246907994		2gram_menor/20newsGroup_science_Maid/sci.crypt
0.06253333452815868	0.06253331901185936	0.062466620273603966	0.06253328767706565	0.06253339535850273	0.06253337879230089	0.06246673978791747	0.06253335743748785	0.06246669855201113	0.24999991458376572	0.06246666397130398	0.06246668630093065	0.06246660372509202		2gram_menor/20newsGroup_science_Maid/sci.crypt
0.06254787406461858	0.06254808322890555	0.062451988810460435	0.06254805545389706	0.06254803067207743	0.06254797903687255	0.06245219534500014	0.06254810931515281	0.0624519169302003	0.24999996111128514	0.06245188455405047	0.06245198422293849	0.062451937254540915		2gram_menor/20newsGroup_science_Maid/sci.crypt
0.06246481845696254	0.06246464398065386	0.0625354236151888	0.06246464170943999	0.06246457533744922	0.06246456673848621	0.06253517853228195	0.06246470182840704	0.06253536995505442	0.24999997859128387	0.06253536538410812	0.06253532086421122	0.06253541500647278		2gram_menor/20newsGroup_science_Maid/sci.crypt
0.06255110937254836	0.062550933067219	0.06244897674226423	0.0625510007566351	0.06255106554332518	0.06255102764925824	0.06244879182940849	0.0625509780375596	0.06244893961987978	0.2500002764330359	0.06244900211905999	0.062448959919762466	0.06244893891004379		2gram_menor/20newsGroup_science_Maid/sci.crypt
0.0625577688520265	0.06255775662045648	0.06244221021330011	0.06255778390082001	0.06255785072630324	0.06255781505846375	0.062442234336813764	0.06255777472322968	0.06244219967177356	0.24999996223497672	0.062442223033731495	0.06244224601671075	0.062442174611393994		2gram_menor/20newsGroup_science_Maid/sci.crypt
0.062458389168122026	0.06245823801190358	0.06254172374137622	0.06245823719308306	0.062458291761840506	0.06245831655222492	0.0625416232269684	0.06245816175633796	0.06254177363444578	0.24999993014172459	0.06254177164703346	0.0625417946000638	0.06254174856487574		2gram_menor/20newsGroup_science_Maid/sci.crypt
0.06245567846752305	0.06245551242160394	0.06254442226733838	0.062455552593177414	0.062455642091484305	0.062455662847231266	0.06254430061521044	0.062455414635147095	0.06254445104298131	0.24999992840786892	0.06254449008634576	0.06254450147149866	0.06254444305258947		2gram_menor/20newsGroup_science_Maid/sci.crypt
0.062477246206696556	0.062476988619616085	0.06252296329436399	0.06247695287604117	0.06247705287262108	0.06247703094531064	0.06252283469534796	0.06247704037105162	0.06252289070312339	0.2500003326064078	0.06252285197775412	0.0625228734807251	0.06252294135094058		2gram_menor/20newsGroup_science_Maid/sci.crypt
0.06246537399264759	0.06246540313025117	0.0625346010539086	0.062465215297307516	0.062465204453717296	0.06246524592362388	0.06253480006697679	0.0624655198591398	0.0625348370200668	0.24999988251800662	0.06253464635471974	0.06253462775974745	0.06253464256988676		2gram_menor/20newsGroup_science_Maid/sci.crypt
0.06247007003430753	0.062470060081265426	0.062529923588936	0.062470086999284725	0.06247010117929631	0.06247009310635214	0.06252989578924167	0.06247010338609324	0.06252994642177784	0.24999991953619574	0.0625299716361942	0.06252991273279407	0.06252991550826109		2gram_menor/20newsGroup_science_Maid/sci.crypt
0.06244376609262653	0.062443746484733005	0.06255622023496311	0.06244378924046615	0.06244381554656907	0.06244382194805814	0.06255617701680463	0.062443654521673594	0.06255614267659163	0.2500002429103026	0.06255618354117004	0.06255621313806602	0.06255622664797549		2gram_menor/20newsGroup_science_Maid/sci.crypt
0.0625816794207636	0.062581877490906	0.062418172523089115	0.06258178553967897	0.06258176216494483	0.06258175904055756	0.062418434105018	0.06258195012661155	0.06241823382132236	0.24999988163719053	0.06241813691393754	0.06241815780911082	0.06241816940686908		2gram_menor/20newsGroup_science_Maid/sci.crypt
0.06254395896923787	0.06254414314810491	0.06245580324509914	0.0625442985535176	0.0625443806749415	0.06254434119228158	0.062455907505172076	0.06254413593260826	0.0624556811830096	0.24999999963792097	0.06245583077679461	0.062455755362955924	0.0624557638183559		2gram_menor/20newsGroup_science_Maid/sci.crypt
0.06246590385641072	0.06246559157142046	0.06253443562844443	0.06246551516925834	0.06246552085637522	0.062465521498579604	0.06253419822202542	0.06246566711765952	0.06253449770838275	0.24999988224351183	0.06253441854739684	0.06253441130917738	0.06253443627135735		2gram_menor/20newsGroup_science_Maid/sci.crypt
0.062494616780501173	0.06249348411529494	0.06250618126366565	0.06249399262217406	0.06249410181926461	0.062493977555551514	0.0625046296927711	0.06249351705147782	0.06250557338300061	0.250002038585157	0.06250607070119113	0.06250575945401644	0.0625060569759339		2gram_menor/20newsGroup_science_Maid/sci.crypt
0.06255668103288464	0.06255660974887939	0.062443474532973935	0.06255655118171709	0.06255644669243926	0.06255645734445835	0.06244335093179228	0.062556706395156	0.06244349356111519	0.24999994868657768	0.062443430013446655	0.06244336471280327	0.06244348516575628		2gram_menor/20newsGroup_science_Maid/sci.crypt
0.06251585539097927	0.06251594258654243	0.06248412456838037	0.06251586256886973	0.06251583807724954	0.06251583319580854	0.06248426255526598	0.06251599545016116	0.0624841157364179	0.24999995205981548	0.06248403281683814	0.062484065304255675	0.062484119689415696		2gram_menor/20newsGroup_science_Maid/sci.crypt
0.06254271168800013	0.06254300223476585	0.062457131646770754	0.06254285951093635	0.06254277331629796	0.06254276574897531	0.06245747121601255	0.06254308901323245	0.062457130329990534	0.24999991167026497	0.062456982736681294	0.06245704679826156	0.06245712408981031		2gram_menor/20newsGroup_science_Maid/sci.crypt
0.06256026407825471	0.06256062828502913	0.06243938674312606	0.06256066397565381	0.06256067706818205	0.06256065030609258	0.06243972150911664	0.062560698922643	0.062439366792455986	0.24999984847384446	0.06243939649721835	0.06243933731546124	0.06243936003292196		2gram_menor/20newsGroup_science_Maid/sci.crypt
0.062487576747112035	0.062487260413300806	0.06251274497504095	0.06248734811328628	0.06248729295805984	0.062487279808482225	0.06251228099841542	0.06248729985420895	0.06251267732629577	0.2500000866081145	0.06251276286070503	0.06251265751687082	0.06251273182010732		2gram_menor/20newsGroup_science_Maid/sci.crypt
0.062454383833273196	0.0624539904490659	0.06254593780693453	0.06245396548245797	0.06245398813366365	0.06245399128692979	0.06254558577927839	0.062454054228545317	0.06254604934235726	0.2500001186289155	0.06254602256184351	0.06254597150189156	0.06254594096484317		2gram_menor/20newsGroup_science_Maid/sci.crypt
0.062446293248175695	0.0624460069420327	0.0625540841469417	0.062446027183176815	0.06244590293502156	0.06244588962510086	0.06255364289983631	0.062446101453878716	0.06255399949550565	0.25000004733074566	0.06255401595699044	0.06255391796863108	0.06255407081396294		2gram_menor/20newsGroup_science_Maid/sci.crypt
0.06242821874043004	0.062428044549875425	0.06257194860825767	0.062428053913526696	0.062428070826885604	0.06242809589403158	0.06257177127674675	0.062427956817517796	0.06257190963529068	0.25000010654768534	0.06257191570354285	0.06257193375303377	0.06257197373317588		2gram_menor/20newsGroup_science_Maid/sci.crypt
0.0624918177059484	0.06249151462625333	0.06250849639047906	0.062491551115008814	0.062491480548634425	0.06249147680025637	0.06250808188708568	0.06249155970670412	0.06250846745308063	0.2500001355549433	0.06250850187562991	0.0625084236948955	0.06250849264108044		2gram_menor/20newsGroup_science_Maid/sci.crypt
0.062451656667266514	0.06245136063532637	0.0625486143697158	0.06245153168380472	0.062451566137696105	0.062451562642319415	0.06254817570019992	0.062451231232911644	0.06254849285158957	0.2499999125295376	0.06254866253760967	0.06254862214311525	0.06254861086890741		2gram_menor/20newsGroup_science_Maid/sci.crypt
0.06245424980676401	0.062454183774105825	0.06254581442673822	0.06245424080261585	0.062454278992473265	0.06245428558897409	0.06254572450104698	0.06245408538955323	0.06254575120354988	0.2499999269323069	0.06254580710036454	0.06254583044860021	0.06254582103290714		2gram_menor/20newsGroup_science_Maid/sci.crypt
0.06247555616281902	0.062475313818456335	0.06252475841082632	0.06247528286349154	0.062475248208055535	0.062475242725262184	0.06252450637994286	0.062475371935481104	0.06252471815213409	0.24999990070581826	0.06252468477674875	0.062524662937276	0.06252475292368798		2gram_menor/20newsGroup_science_Maid/sci.crypt
