3.6183739699174677E-4	3.322767562813391E-4	0.999305885846727		IAArticles_Maid/clu
0.3440818123129635	0.3222937134318212	0.33362447425521524		IAArticles_Maid/clu
0.9994234493140369	2.6968948310814776E-4	3.0686120285498044E-4		IAArticles_Maid/clu
0.34115198963821425	0.31673486497193665	0.3421131453898492		IAArticles_Maid/clu
0.33773070056251303	0.3266756040722211	0.33559369536526584		IAArticles_Maid/clu
0.3414829399660247	0.3231226197729451	0.3353944402610301		IAArticles_Maid/clu
0.33921814598873934	0.32744122465827463	0.3333406293529861		IAArticles_Maid/clu
0.340041068566735	0.32515067011492566	0.3348082613183394		IAArticles_Maid/clu
0.34384083298981105	0.31998016198423634	0.3361790050259526		IAArticles_Maid/clu
0.3434911659708078	0.3170010488150637	0.3395077852141286		IAArticles_Maid/clu
0.33443907204278694	0.33081610965349334	0.3347448183037196		IAArticles_Maid/mtx
0.33495410451799584	0.3285558178007631	0.3364900776812411		IAArticles_Maid/mtx
0.335785133188487	0.32532141965776573	0.33889344715374714		IAArticles_Maid/mtx
0.3434488314539172	0.3230792284901644	0.33347194005591835		IAArticles_Maid/mtx
0.3413334264745778	0.32232447557719734	0.3363420979482247		IAArticles_Maid/mtx
0.341050327221184	0.32388552476035537	0.33506414801846063		IAArticles_Maid/mtx
0.335382881855202	0.328729239973601	0.3358878781711971		IAArticles_Maid/mtx
4.773998481834264E-6	0.9999904909859759	4.735015542233582E-6		IAArticles_Maid/mtx
0.3378564073066248	0.32647812379037017	0.335665468903005		IAArticles_Maid/mtx
0.33999540144035073	0.3233943467813454	0.3366102517783039		IAArticles_Maid/mtx
0.3355836064907424	0.330026364838785	0.33439002867047246		IAArticles_Maid/ont
0.33863542606013053	0.32401113722782365	0.33735343671204576		IAArticles_Maid/ont
0.3350815063651224	0.3314689607671981	0.3334495328676794		IAArticles_Maid/ont
0.33454414547963457	0.33167243218688863	0.33378342233347674		IAArticles_Maid/ont
0.3386782111787627	0.32923703339494315	0.3320847554262943		IAArticles_Maid/ont
0.33761571767678294	0.3268907951711209	0.33549348715209615		IAArticles_Maid/ont
0.3360507507256083	0.32559258002423735	0.33835666925015423		IAArticles_Maid/ont
0.3411675741647467	0.32373644926745654	0.33509597656779666		IAArticles_Maid/ont
0.33749808811067616	0.3251459178254576	0.33735599406386635		IAArticles_Maid/ont
0.33735212112721813	0.3255283764158296	0.3371195024569522		IAArticles_Maid/ont
0.33853914865120766	0.3224247448335214	0.339036106515271		IAArticles_Maid/rif
0.3421641257621922	0.32202686813910303	0.33580900609870473		IAArticles_Maid/rif
0.33649467029031993	0.3279207207579308	0.3355846089517492		IAArticles_Maid/rif
0.34267618318307913	0.3185907338601587	0.33873308295676224		IAArticles_Maid/rif
0.34138907400156776	0.3203334523140273	0.33827747368440486		IAArticles_Maid/rif
0.3459012472676293	0.3157833521641231	0.3383154005682476		IAArticles_Maid/rif
0.3410263568940336	0.3233898951181588	0.3355837479878077		IAArticles_Maid/rif
0.34146076155282123	0.320739266726473	0.3377999717207058		IAArticles_Maid/rif
0.3372412676398446	0.32586608922323934	0.33689264313691614		IAArticles_Maid/rif
0.3426177181171442	0.3183065428272575	0.33907573905559824		IAArticles_Maid/rif
