6.151599547751313E-6	2.0021972943361914E-5	6.151783928367057E-6	6.155013120902648E-6	6.148952257444473E-6	0.9999367212064912	1.864947171098237E-5		IAArticles_Maid/clu
0.0681795326549291	0.2501697842872535	0.06817409581134853	0.06818050510207337	0.06817742963358636	0.24139868230390182	0.2357199702069073		IAArticles_Maid/clu
6.575043640645799E-6	0.9999397982794238	6.5731794703612116E-6	6.579770394873469E-6	6.57223073111709E-6	1.7767380955638733E-5	1.6134115383415907E-5		IAArticles_Maid/clu
0.07067161334721296	0.24413414027139058	0.07069139670015054	0.07068382412089566	0.07063740780653348	0.24416713006235194	0.2290144876914648		IAArticles_Maid/clu
0.06781366670437108	0.24574583399200395	0.0678061168718145	0.06781606294438228	0.06779497112372719	0.243610124253977	0.23941322410972396		IAArticles_Maid/clu
0.07064567589513747	0.2444806522274991	0.07063558229546824	0.07066883765940685	0.07065226902912614	0.23913656773728362	0.2337804151560786		IAArticles_Maid/clu
0.06942078021991963	0.2445719160710839	0.06940935770810008	0.0694283295535064	0.06942110598819372	0.23945438031519964	0.23829413014399656		IAArticles_Maid/clu
0.07014017821999526	0.24413931003593942	0.07013932740597455	0.07014440290133547	0.07012146801287687	0.2394782665257602	0.2358370468981182		IAArticles_Maid/clu
0.07024191989267668	0.24687390150972663	0.07020994425009003	0.07032401117563246	0.0701922691318727	0.24031547135480386	0.23184248268519767		IAArticles_Maid/clu
0.07212145248568583	0.2437970633668807	0.07207861373555884	0.0722339400968154	0.07205076097835643	0.24002563386632966	0.22769253547037308		IAArticles_Maid/clu
0.0652268245565558	0.246918083067511	0.06522880481577441	0.06522796399031731	0.06522420443632779	0.24695368129787207	0.24522043783564162		IAArticles_Maid/mtx
0.06601152099266905	0.2461976052649708	0.0660283629871907	0.06598787269745675	0.06596273719755424	0.24718523748976148	0.24262666337039707		IAArticles_Maid/mtx
0.0683281881704964	0.24344658337099273	0.0683299139787287	0.06833846779473006	0.06832180087732839	0.24542613419721582	0.23780891161050785		IAArticles_Maid/mtx
0.06934491899837052	0.24793194543662453	0.06933951066210342	0.06935072849390804	0.0693474352615014	0.2395515637986717	0.23513389734882045		IAArticles_Maid/mtx
0.06830281369166896	0.24781813894867885	0.06829352687820747	0.06831350487741958	0.06829214660633107	0.243394385466237	0.23558548353145717		IAArticles_Maid/mtx
0.06937058955718445	0.2460303074660408	0.06935751116692021	0.06939211415197945	0.0693747741954076	0.24079995673204893	0.23567474673041863		IAArticles_Maid/mtx
0.0677712524129739	0.24396883523416707	0.06777105092183627	0.06777397049295356	0.06776852183116684	0.2439511244197588	0.24099524468714348		IAArticles_Maid/mtx
7.452081792048949E-8	2.1517476210051383E-7	7.449505157315691E-8	7.444678540583633E-8	7.460517463185754E-8	2.1230642538626923E-7	0.9999992744509829		IAArticles_Maid/mtx
0.06776164221015706	0.2459297571625551	0.06775115234895498	0.06775700068217143	0.06775072622053498	0.24377220702361546	0.23927751435201097		IAArticles_Maid/mtx
0.07130561327020979	0.24236547745788695	0.07134493087182464	0.07132650041407684	0.07129613390093353	0.23908130113464177	0.23328004295042645		IAArticles_Maid/mtx
0.07030527598969236	0.24056071781835045	0.07028142078843724	0.07027313061732542	0.07024241742921251	0.2390548164378947	0.23928222091908724		IAArticles_Maid/ont
0.07125204281845007	0.24143596337492348	0.07129495334660328	0.0712299552967365	0.07122353763587887	0.239822251326463	0.2337412962009448		IAArticles_Maid/ont
0.07453142414494555	0.23417829947404292	0.07450401892714399	0.0744653124131537	0.07440028071136115	0.23210348629189828	0.23581717803745442		IAArticles_Maid/ont
0.06645667849044544	0.24524966175480836	0.06645667526751405	0.06645726389738149	0.06645154882022432	0.24431686870985195	0.2446113030597744		IAArticles_Maid/ont
0.07593157818862323	0.23467597630539483	0.07586183560870291	0.07583503249536709	0.07622254615545716	0.22890240695186392	0.23257062429459083		IAArticles_Maid/ont
0.06872441127252453	0.24432606739396368	0.06871227275117078	0.06871842328343977	0.06876133315608471	0.24220231989050636	0.23855517225231024		IAArticles_Maid/ont
0.0698216579559732	0.24151857068504998	0.0698367920974615	0.06981557941580875	0.06982973177187135	0.2427636679363662	0.236414000137469		IAArticles_Maid/ont
0.07580809188676363	0.23666649710057575	0.07576794206995109	0.07571997515029845	0.07606829485481091	0.23125547572158595	0.22871372321601435		IAArticles_Maid/ont
0.07087053922318827	0.24111851484129404	0.07088565956410806	0.07088006120942954	0.0708553229553623	0.24039282804709292	0.2349970741595249		IAArticles_Maid/ont
0.06863543300566509	0.24424665001536952	0.06864159140467484	0.06864538453866095	0.0686211619994413	0.24360483274117536	0.23760494629501278		IAArticles_Maid/ont
0.0713597757059754	0.24117379968054636	0.07141519924168671	0.07134550181030841	0.07131914375700095	0.2409390031103659	0.23244757669411625		IAArticles_Maid/rif
0.07158153034244877	0.24367195814204382	0.07155767433502074	0.07153132450959104	0.07150589821058909	0.2381188616746961	0.23203275278561056		IAArticles_Maid/rif
0.0671787994557784	0.24570414489008335	0.06718304301891793	0.06718204516753201	0.0671708278753902	0.24461986332693417	0.24096127626536396		IAArticles_Maid/rif
0.07114697600969058	0.24464010255870408	0.07121309753084955	0.07113718179642531	0.07108061704706932	0.2409396457442303	0.22984237931303086		IAArticles_Maid/rif
0.07280126581807869	0.24121483310233494	0.07280853523111208	0.0728064122483477	0.0728422170968517	0.23809426607286946	0.22943247043040546		IAArticles_Maid/rif
0.07605962139034339	0.23988057164162305	0.07611877546161339	0.07596244586820253	0.07585108824151747	0.23335156314699787	0.22277593424970232		IAArticles_Maid/rif
0.07055281935446775	0.24427077952437148	0.07056163922069886	0.07056575999765972	0.0705654473479854	0.2394646937244878	0.23401886083032913		IAArticles_Maid/rif
0.07289231878896327	0.24113746034529396	0.07290149861008731	0.07291327538641298	0.07292977785009605	0.23759949125154953	0.22962617776759695		IAArticles_Maid/rif
0.06824150819598977	0.244714379951962	0.06824740557425503	0.06825382113742634	0.0682547635630038	0.24401575460869235	0.23827236696867066		IAArticles_Maid/rif
0.07231211525755547	0.24284036979557458	0.0723341538090791	0.07235772794237189	0.07233019932699697	0.2393975153131971	0.228427918555225		IAArticles_Maid/rif
