0.9789861842363216	0.01069600483276905	0.010317810930909313		0.00
0.30342488112985805	0.29770832721107177	0.39886679165907		0.00
0.31611156344642616	0.3942703651898398	0.289618071363734		0.00
0.9592304783887984	0.022381925668063043	0.01838759594313865		0.00
8.131018161441168E-6	0.9999859087205549	5.960261283517445E-6		0.00
0.3343988930296612	0.33393740998489024	0.3316636969854485		0.00
0.33455124649638984	0.3312049366614923	0.334243816842118		0.00
0.33432131229403794	0.3329805723769281	0.3326981153290341		0.00
0.6205993977468608	0.1922626235383842	0.1871379787147551		0.00
0.38764657592838686	0.30784335631123605	0.3045100677603771		0.00
0.3345150769908777	0.3350304568205179	0.33045446618860447		0.00
0.3337996401049675	0.335432230380526	0.3307681295145065		0.00
0.3358661400446687	0.3306426114702458	0.3334912484850855		0.00
0.2578127458649479	0.25638379861914673	0.48580345551590526		0.05
0.33257480871183015	0.32840709044602395	0.3390181008421459		0.00
0.3292628217169354	0.3279458212659281	0.34279135701713664		0.00
0.331962596396993	0.3368734489175571	0.3311639546854499		0.00
0.3357420025244886	0.3319707556191998	0.3322872418563116		0.00
0.3354726467247771	0.33117786499725926	0.3333494882779637		0.00
0.26189396842481383	0.4980456044701704	0.24006042710501585		0.00
0.3269533252941714	0.3231423734963038	0.34990430120952487		0.00
0.25813291051833614	0.2547174957874894	0.48714959369417443		1.00
0.3365619768888448	0.3322064265302889	0.3312315965808662		0.00
0.3334251977110542	0.3331487321192863	0.3334260701696594		0.00
0.3289396449732133	0.32465113601108253	0.3464092190157042		0.00
0.33235068759701514	0.332274207007482	0.3353751053955028		0.00
0.06978372108468431	0.8635009156576735	0.06671536325764235		0.00
0.3290812942425151	0.3363736220549942	0.3345450837024907		0.00
0.26481461491964003	0.26297615495501997	0.47220923012534		0.00
0.33337846706921864	0.3326287869451207	0.3339927459856606		0.00
1.0205480667603621E-5	9.145821089121954E-6	0.9999806486982433		0.00
0.30111258357101006	0.27954082419788673	0.4193465922311032		0.00
0.3050722492869643	0.28214291578929684	0.4127848349237389		0.00
0.3755607878821605	0.31182921583076434	0.31260999628707514		0.00
0.3456537929376703	0.33162991741411174	0.322716289648218		0.00
0.500598079709298	0.2551396498368015	0.24426227045390045		0.00
0.15472352161447794	0.705165198741	0.14011127964452205		0.00
0.3331071785231804	0.33308740045965884	0.33380542101716076		0.00
0.32815345223626674	0.3203556805405066	0.3514908672232266		0.00
0.058384914298808724	0.05642987860685969	0.8851852070943316		0.00
0.3236991302287484	0.31495837737444343	0.3613424923968082		0.00
0.2259082435702098	0.5645971919236665	0.20949456450612366		0.00
0.5260491838094459	0.23904061315376032	0.23491020303679383		0.00
0.4907273435887067	0.2550172831885382	0.2542553732227551		0.00
0.32853718500528534	0.3496145658690026	0.32184824912571214		0.00
0.3270062217164991	0.3126980375132152	0.36029574077028564		0.00
0.32924895726531195	0.32012975812321326	0.35062128461147474		0.00
0.332422553265719	0.33389855592951434	0.33367889080476665		0.00
0.3766338410817478	0.3113470797974547	0.3120190791207976		0.00
0.5135415620304145	0.2495304391651711	0.2369279988044145		0.00
0.3708754162634035	0.31717563319744585	0.3119489505391506		0.00
