8.522613739593656E-6	0.9999777556633935	6.953199695288789E-6	6.768523171520406E-6		0.00
0.2342503598766166	0.23276991163743196	0.22691346534297657	0.3060662631429749		0.00
0.2520208573667232	0.22151855932274003	0.3059945825345805	0.22046600077595624		0.00
0.9999138858956877	3.057341801888026E-5	3.0366280049156506E-5	2.5174406244176594E-5		0.00
3.001036023985978E-6	2.392873160197159E-6	0.9999927681455784	1.837945237452316E-6		0.00
0.2513618676141274	0.24932033977049933	0.25044376753755465	0.24887402507781864		0.00
0.25096468186505555	0.25000533116666257	0.24837134737375885	0.25065863959452306		0.00
0.24912681860789157	0.2516977562004339	0.24979457781368242	0.24938084737799204		0.00
0.108192267345849	0.6857829918962026	0.10423625132982665	0.10178848942812171		0.00
0.23407838233440872	0.31471635796516045	0.22676600374428338	0.2244392559561474		0.00
0.24961559182480766	0.25169051922913116	0.25105065904680285	0.2476432298992584		0.00
0.2497564250944215	0.25086186447320225	0.2515167971297799	0.24786491330259644		0.00
0.2505881052574029	0.2516919942008856	0.2476389525442114	0.25008094799750014		0.00
0.2047676707141983	0.20457345357735607	0.2026059052472042	0.3880529704612413		0.05
0.2512730844798796	0.2476615928388687	0.24651293115222983	0.25455239152902187		0.00
0.24823104552309408	0.24749442758610815	0.24646306524928074	0.25781146164151697		0.00
0.2493624061097119	0.24927296052712852	0.25298357386407383	0.24838105949908576		0.00
0.24922551936973825	0.25291263358391247	0.24883450258547715	0.24902734446087216		0.00
0.2527908981611161	0.2489304566511972	0.24828835936869936	0.24999028581898722		0.00
0.21815258674730031	0.21075635716358726	0.38178621112406147	0.1893048449650509		0.00
0.24773124813615985	0.24661608098615154	0.2428305081055928	0.26282216277209575		0.00
0.20450607640629934	0.20386895004447877	0.20041455330408145	0.39121042024514036		1.00
0.25216075184655473	0.2511372022541015	0.24868245757333726	0.24801958832600665		0.00
0.2499875119642449	0.25012741757765883	0.24981978996337825	0.250065280494718		0.00
0.24603238561782448	0.2487828545648092	0.2442265582312499	0.2609582015861164		0.00
0.249449528099321	0.24943855455143685	0.2493573699917688	0.2517545473574734		0.00
0.05536793516771255	0.05467051885209016	0.837952968791437	0.052008577188760376		0.00
0.249229446696104	0.24645790741978948	0.2530682045929717	0.2512444412911347		0.00
0.20897067233887887	0.20788558141268187	0.205951568544142	0.37719217770429725		0.00
0.2504731543537884	0.2495017514811864	0.24948868279741168	0.25053641136761345		0.00
4.491549730963638E-6	4.3858625995504285E-6	3.782894947529706E-6	0.999987339692722		0.00
0.2380221314644425	0.23280701515952784	0.21243765572631565	0.316733197649714		0.00
0.24072447233150618	0.23395804394683023	0.21402925604873313	0.31128822767293035		0.00
0.23697123751678895	0.2999041522870343	0.2312469328287398	0.231877677367437		0.00
0.2503340257446479	0.2612557600423022	0.24740212745977122	0.24100808675327864		0.00
0.5102206595167339	0.1685795821043787	0.1634699665343204	0.157729791844567		0.00
0.14996391567046752	0.14109846037984564	0.5841527337903254	0.12478489015936142		0.00
0.2505742519429863	0.24917133251126236	0.24982916667018676	0.25042524887556455		0.00
0.2486275914094189	0.24752903875313945	0.24028269197131952	0.2635606778661222		0.00
0.055665537589392425	0.05534949732191107	0.05251079323698413	0.8364741718517124		0.00
0.24595862206475222	0.24609510646148788	0.23661548735585447	0.2713307841179055		0.00
0.19389290857924488	0.18745115577691446	0.4487631821736234	0.1698927534702172		0.00
0.5419071450173745	0.158705550597895	0.15069434667080747	0.14869295771392296		0.00
0.1893000022449675	0.45648867676861643	0.17719300083053016	0.17701832015588603		0.00
0.24759162989460523	0.24710911381935272	0.2635500801194323	0.24174917616660974		0.00
0.2497304703945804	0.24669823982400102	0.2340310807846291	0.26954020899678943		0.00
0.24960179067385285	0.2487234106314404	0.2394158405214212	0.2622589581732856		0.00
0.25010697451434744	0.24890298691668336	0.25064927669721243	0.25034076187175675		0.00
0.2406845816244028	0.29741656752284884	0.23056395501742735	0.23133489583532107		0.00
0.5303733523998313	0.1612261884674198	0.15780770803727473	0.15059275109547404		0.00
0.24316794912866166	0.28939030053955206	0.23552352812871583	0.23191822220307048		0.00
