6.68223005585616E-6	0.9999780497177038	6.861436874454433E-6	8.406615365848302E-6		0.00
0.3060970408710341	0.2327853514336845	0.22692391865281467	0.23419368904246682		0.00
0.2205173908549498	0.2215458373251648	0.30601128112094833	0.25192549069893705		0.00
2.3645798622659037E-5	2.865771127088839E-5	2.8505177203852804E-5	0.9999191913129026		0.00
1.7772605300888951E-6	2.312362926880505E-6	0.9999930740351023	2.8363414407617234E-6		0.00
0.24888442293684118	0.24932847603499766	0.2504559707163243	0.25133113031183685		0.00
0.2506627965006786	0.25000874638922027	0.24836667224218248	0.2509617848679187		0.00
0.2493863947922231	0.2517029893397806	0.24978300700592362	0.24912760886207272		0.00
0.10175769931698846	0.6859284714477851	0.10418241840533483	0.1081314108298916		0.00
0.22445033796563524	0.31475033083113557	0.2267493506194125	0.23404998058381668		0.00
0.2476485773311129	0.25169016892232626	0.2510728580497749	0.24958839569678595		0.00
0.24786813358522336	0.25085958533446195	0.2515308424735318	0.24974143860678297		0.00
0.2500826852401764	0.25168845171577703	0.24765734213152032	0.25057152091252627		0.00
0.38804790421412877	0.20459799667591197	0.2025893644799527	0.2047647346300066		0.05
0.254556075855647	0.24766573422800012	0.2465127899767243	0.25126539993962865		0.00
0.25781760650706126	0.2475000008173691	0.2464579133070579	0.2482244793685117		0.00
0.24838564755923306	0.2492783700689265	0.25297396596748395	0.24936201640435648		0.00
0.24903128839009037	0.2529147918384221	0.24883325494502495	0.2492206648264626		0.00
0.2499927739541498	0.24892995103280535	0.2482909799419596	0.25278629507108535		0.00
0.18921431542920636	0.21055711169403615	0.3842788795256953	0.21594969335106215		0.00
0.262839532908375	0.2466322513754505	0.24281994583114344	0.24770826988503108		0.00
0.3912402212451444	0.20387339033706345	0.20040430773545562	0.20448208068233653		1.00
0.24802393713315302	0.2511369458451578	0.24869763551723673	0.25214148150445254		0.00
0.2500654748869182	0.25012651048352424	0.24982430624633753	0.2499837083832201		0.00
0.26096480220618345	0.2487887505265421	0.244222965807124	0.24602348146015035		0.00
0.2517550590869449	0.2494386717570701	0.24935717223606818	0.24944909691991693		0.00
0.05459143956077834	0.057656247175800826	0.8294025279233946	0.058349785340026036		0.00
0.25125369257557456	0.2464605666955646	0.25306778960255816	0.2492179511263026		0.00
0.377222230638098	0.20788806710667296	0.2059427422192437	0.20894696003598526		0.00
0.250536657982912	0.2495014935341122	0.24948702824203475	0.250474820240941		0.00
0.9999874025766393	4.366728535800346E-6	3.765132613058691E-6	4.46556221161779E-6		0.00
0.31683731616531496	0.2328694300367822	0.2124194755552003	0.2378737782427026		0.00
0.31138186678822366	0.23401464739613745	0.2139926460520262	0.2406108397636127		0.00
0.23188419758579853	0.2999161868575593	0.23123525783013535	0.23696435772650676		0.00
0.24102527448715005	0.2612727009887959	0.24743190491433262	0.2502701196097214		0.00
0.15752693048013483	0.16819972446991224	0.16332116947454398	0.5109521755754091		0.00
0.1227968215568307	0.13822292361494884	0.5944685475495088	0.14451170727871154		0.00
0.25042765207092677	0.2491700342660107	0.2498451593093184	0.25055715435374415		0.00
0.26357597321040316	0.24754939709706622	0.24026945859323146	0.24860517109929917		0.00
0.8363912212871115	0.05539347161440593	0.052534867291303564	0.05568043980717896		0.00
0.2713510263926033	0.2461189466751417	0.23660568059530387	0.2459243463369512		0.00
0.17005481774740652	0.18779320818939257	0.4494924705678628	0.19265950349533814		0.00
0.14842460109877464	0.1582969381047403	0.1503913419334342	0.542887118863051		0.00
0.17701296020244595	0.45658906703188545	0.17715614506798408	0.18924182769768452		0.00
0.2417877217944435	0.2471630344720824	0.2634429262630255	0.2476063174704486		0.00
0.2695764304522877	0.24673160340054628	0.23401119432227294	0.249680771824893		0.00
0.26228413355880326	0.24874629564486903	0.239402432518639	0.2495671382776887		0.00
0.25034448275739435	0.2489066949364817	0.2506421425023531	0.2501066798037709		0.00
0.2313470631949585	0.29743992669955327	0.23057536741700266	0.24063764268848561		0.00
0.1503419969349724	0.16082063920193987	0.15752616970343947	0.5313111941596482		0.00
0.23193173112650647	0.2893976909331401	0.23554968353441827	0.243120894405935		0.00
