0.4036110497387247	0.29950056119977986	0.29688838906149545		0.00
0.32929437759784164	0.32553163569103377	0.3451739867111246		0.00
0.3302612501100002	0.3465996818214696	0.3231390680685302		0.00
0.5638705812402423	0.22252957224757614	0.21359984651218164		0.00
0.052418645853631186	0.903687471224481	0.04389388292188782		0.00
0.3338699935156935	0.33310602155755753	0.33302398492674895		0.00
0.33374548104083074	0.3328560028410411	0.3333985161181282		0.00
0.3336206766395575	0.33330366229110014	0.3330756610693424		0.00
0.35394203349827946	0.3241776457532173	0.3218803207485032		0.00
0.3391955406885437	0.33075590150432876	0.33004855780712755		0.00
0.333747420301047	0.3335175880322946	0.3327349916666585		0.00
0.33359970321349813	0.33369478213566317	0.33270551465083875		0.00
0.3338496468019802	0.33266237153313355	0.3334879816648863		0.00
0.3256095241922811	0.3204462693412229	0.353944206466496		0.05
0.33373410326943176	0.3322861960311582	0.33397970069941		0.00
0.33295874305333495	0.33210013931007787	0.3349411176365871		0.00
0.3332200993810476	0.3340571561763628	0.3327227444425897		0.00
0.33376185992684165	0.33311894638283396	0.33311919369032444		0.00
0.33389950175681415	0.33281444315111514	0.3332860550920707		0.00
0.33033562814969003	0.35427781508767275	0.3153865567626372		0.00
0.3334905592363346	0.3309579245329533	0.335551516230712		0.00
0.32066863712959087	0.31751628107511654	0.3618150817952926		1.00
0.33420737247729904	0.3329517751410284	0.3328408523816725		0.00
0.33337307945165007	0.3332696346568101	0.33335728589153985		0.00
0.3326466568971744	0.33154828297006494	0.3358050601327608		0.00
0.33315281871550073	0.3331039946237637	0.33374318666073555		0.00
0.308411264859535	0.40382417814685406	0.2877645569936109		0.00
0.33323343427194096	0.3338813602385961	0.3328852054894629		0.00
0.3210393049689067	0.31883161798908816	0.3601290770420052		0.00
0.3333808604981574	0.33317178011954174	0.33344735938230086		0.00
0.04195312511752104	0.03766211535521587	0.9203847595272631		0.00
0.33349531492599976	0.32125777870532723	0.345246906368673		0.00
0.3338068812403433	0.32188023355119805	0.3443128852084586		0.00
0.3376844263043437	0.3311676692404055	0.3311479044552508		0.00
0.33568494728261383	0.3327143948342288	0.3316006578831574		0.00
0.36651395300886175	0.31762066815968903	0.3158653788314492		0.00
0.32065868377631557	0.3798919052350994	0.2994494109885851		0.00
0.333512997653815	0.3331487193382257	0.3333382830079593		0.00
0.33447263113363807	0.33036876545602634	0.33515860341033554		0.00
0.31416881395037566	0.2898245488406699	0.39600663720895446		0.00
0.3345093219337462	0.3292248939485007	0.33626578411775304		0.00
0.32637548347529755	0.3630407976078759	0.3105837189168266		0.00
0.3702336857173085	0.31536291779602804	0.3144033964866635		0.00
0.34721671899990286	0.32649304715138605	0.32629023384871103		0.00
0.3333842330469881	0.3358105838069758	0.3308051831460361		0.00
0.33502952175833617	0.3281710296239168	0.336799448617747		0.00
0.3346310406397952	0.3298854741407212	0.33548348521948357		0.00
0.3333997381703867	0.3334198514416839	0.33318041038792934		0.00
0.33850488194257783	0.3305685991801526	0.33092651887726965		0.00
0.36847166284541916	0.31717602094827496	0.31435231620630594		0.00
0.3377220501585178	0.33156247217936774	0.3307154776621145		0.00
