0.25000092335429	0.24999945576099347	0.2499998301426442	0.24999979074207232		2gram_menor/20newsGroup_science_Maid/sci.crypt
0.25000162464566006	0.24999977570314358	0.24999976210236596	0.24999883754883048		2gram_menor/20newsGroup_science_Maid/sci.crypt
0.25000023590392795	0.249999996814145	0.24999999361651848	0.24999977366540851		2gram_menor/20newsGroup_science_Maid/sci.crypt
0.24999965176322178	0.2500000145324932	0.2500000096587802	0.2500003240455049		2gram_menor/20newsGroup_science_Maid/sci.crypt
0.2500004023143859	0.24999995310989978	0.24999994750843682	0.2499996970672774		2gram_menor/20newsGroup_science_Maid/sci.crypt
0.24999966143254637	0.2500000407841284	0.2500000351360364	0.25000026264728886		2gram_menor/20newsGroup_science_Maid/sci.crypt
0.24999978910780146	0.24999996114704803	0.24999995716046503	0.25000029258468554		2gram_menor/20newsGroup_science_Maid/sci.crypt
0.2500003673939544	0.2500000108704236	0.25000000679634377	0.24999961493927814		2gram_menor/20newsGroup_science_Maid/sci.crypt
0.24999972223387526	0.24999995783576212	0.24999942924281343	0.2500008906875492		2gram_menor/20newsGroup_science_Maid/sci.crypt
0.2500001700291344	0.250000030531242	0.25000002677161376	0.24999977266800993		2gram_menor/20newsGroup_science_Maid/sci.crypt
0.25000004581025564	0.2500000498549925	0.25000004635714695	0.2499998579776049		2gram_menor/20newsGroup_science_Maid/sci.crypt
0.24999909743106538	0.2500004223835289	0.25000041773635906	0.25000006244904677		2gram_menor/20newsGroup_science_Maid/sci.crypt
0.24999968060021005	0.250000227129747	0.2500002217433729	0.2499998705266699		2gram_menor/20newsGroup_science_Maid/sci.crypt
0.24999977887249672	0.25000006685568676	0.2500000615394435	0.25000009273237306		2gram_menor/20newsGroup_science_Maid/sci.crypt
0.24999938996384274	0.25000015372905005	0.25000014834918427	0.25000030795792294		2gram_menor/20newsGroup_science_Maid/sci.crypt
0.24999845664789175	0.25000046034351703	0.25000045626420175	0.2500006267443896		2gram_menor/20newsGroup_science_Maid/sci.crypt
0.25000005839965933	0.25000010087068564	0.2500000961622706	0.24999974456738447		2gram_menor/20newsGroup_science_Maid/sci.crypt
0.250000187460323	0.25000005812536774	0.2500000532213243	0.24999970119298506		2gram_menor/20newsGroup_science_Maid/sci.crypt
0.2500002790051045	0.24999998767822035	0.24999998417543523	0.24999974914123982		2gram_menor/20newsGroup_science_Maid/sci.crypt
0.24999945932957096	0.25000002117891534	0.2500002234866783	0.25000029600483537		2gram_menor/20newsGroup_science_Maid/sci.crypt
0.25000004922077057	0.24999994108246693	0.24999993647907773	0.25000007321768475		2gram_menor/20newsGroup_science_Maid/sci.crypt
0.2499996803927991	0.2500001998389126	0.25000019446237287	0.24999992530591553		2gram_menor/20newsGroup_science_Maid/sci.crypt
0.2500000301192384	0.2500001151157783	0.25000011054186017	0.2499997442231231		2gram_menor/20newsGroup_science_Maid/sci.crypt
0.24999990901377991	0.2500000574510072	0.25000005285003946	0.24999998068517354		2gram_menor/20newsGroup_science_Maid/sci.crypt
0.24999971297336068	0.2499999398597035	0.24999993462882153	0.25000041253811434		2gram_menor/20newsGroup_science_Maid/sci.crypt
0.249999699331945	0.24999997477426966	0.24999996758182338	0.250000358311962		2gram_menor/20newsGroup_science_Maid/sci.crypt
0.2499996375278107	0.249999902914825	0.24999989965545197	0.2500005599019124		2gram_menor/20newsGroup_science_Maid/sci.crypt
0.2499985734091564	0.2500000008394959	0.24999999751430615	0.2500014282370415		2gram_menor/20newsGroup_science_Maid/sci.crypt
0.2500001590033497	0.25000011581890047	0.2500001106876301	0.2499996144901197		2gram_menor/20newsGroup_science_Maid/sci.crypt
0.2500002167407085	0.24999998394691794	0.2499999814816614	0.2499998178307122		2gram_menor/20newsGroup_science_Maid/sci.crypt
0.2500004780906449	0.24999990689767024	0.24999990270710648	0.2499997123045783		2gram_menor/20newsGroup_science_Maid/sci.crypt
0.250000302658175	0.24999994097719563	0.24999993666444736	0.24999981970018195		2gram_menor/20newsGroup_science_Maid/sci.crypt
0.25000011538518563	0.25000002599269494	0.25000002262618937	0.24999983599593012		2gram_menor/20newsGroup_science_Maid/sci.crypt
0.2500003109250429	0.24999993588000777	0.24999993090296013	0.24999982229198917		2gram_menor/20newsGroup_science_Maid/sci.crypt
0.249999290012813	0.2500001728660238	0.25000017015843123	0.250000366962732		2gram_menor/20newsGroup_science_Maid/sci.crypt
0.2499999459825528	0.2500000217234985	0.24999995424999305	0.25000007804395574		2gram_menor/20newsGroup_science_Maid/sci.crypt
0.24999996716611786	0.2500000017816591	0.2499999976227201	0.250000033429503		2gram_menor/20newsGroup_science_Maid/sci.crypt
0.24999907675900113	0.2500001226835888	0.25000011948908274	0.25000068106832746		2gram_menor/20newsGroup_science_Maid/sci.crypt
0.2499990073379807	0.25000008882748437	0.2500000837828959	0.2500008200516391		2gram_menor/20newsGroup_science_Maid/sci.crypt
0.24999966541740407	0.2500000972169792	0.25000009317124927	0.25000014419436745		2gram_menor/20newsGroup_science_Maid/sci.crypt
0.25000003092707856	0.24999992477440441	0.24999985633078972	0.25000018796772727		2gram_menor/20newsGroup_science_Maid/sci.crypt
0.25000008509403043	0.2499999354875715	0.249999826000829	0.25000015341756904		2gram_menor/20newsGroup_science_Maid/sci.crypt
0.24999896484121548	0.2500003710845094	0.2500003657158567	0.2500002983584184		2gram_menor/20newsGroup_science_Maid/sci.crypt
0.24999982876893376	0.24999996316555345	0.2499999599917729	0.25000024807373983		2gram_menor/20newsGroup_science_Maid/sci.crypt
0.2499990295433045	0.24999992593311457	0.24999992127477186	0.25000112324880913		2gram_menor/20newsGroup_science_Maid/sci.crypt
0.24999933638209512	0.2500000465758442	0.2500000410703406	0.25000057597172004		2gram_menor/20newsGroup_science_Maid/sci.crypt
0.2499987906118006	0.2499998196831052	0.2500003016248156	0.2500010880802787		2gram_menor/20newsGroup_science_Maid/sci.crypt
0.2499992604127756	0.2500003548752914	0.2500003515601302	0.2500000331518028		2gram_menor/20newsGroup_science_Maid/sci.crypt
0.24999954969261093	0.25000024255753334	0.2500002393240703	0.24999996842578542		2gram_menor/20newsGroup_science_Maid/sci.crypt
0.24999981456890716	0.25000011622882	0.2500001124258115	0.24999995677646145		2gram_menor/20newsGroup_science_Maid/sci.crypt
0.25000021996585703	0.2500000221208289	0.25000001773699015	0.2499997401763239		2gram_menor/20newsGroup_science_Maid/sci.crypt
0.2499999842922539	0.2500000176234941	0.2500000138553117	0.24999998422894032		2gram_menor/20newsGroup_science_Maid/sci.crypt
0.2500003568560243	0.24999990578974293	0.24999990100904967	0.24999983634518308		2gram_menor/20newsGroup_science_Maid/sci.crypt
0.24999968653093077	0.25000008780131877	0.2500000853854578	0.2500001402822927		2gram_menor/20newsGroup_science_Maid/sci.crypt
0.25000028464104085	0.24999984670235234	0.24999984298815478	0.250000025668452		2gram_menor/20newsGroup_science_Maid/sci.crypt
0.2500003778552785	0.25000004318507313	0.2500000385660824	0.24999954039356584		2gram_menor/20newsGroup_science_Maid/sci.crypt
0.2500008932092756	0.2500000574834304	0.2500000480555148	0.2499990012517793		2gram_menor/20newsGroup_science_Maid/sci.crypt
0.24999913884949024	0.25000006999415975	0.2500000664882356	0.2500007246681145		2gram_menor/20newsGroup_science_Maid/sci.crypt
0.2500002365253162	0.24999997984787095	0.24999997762516624	0.24999980600164656		2gram_menor/20newsGroup_science_Maid/sci.crypt
0.25000044784837094	0.2499999303776477	0.24999992592423606	0.24999969584974513		2gram_menor/20newsGroup_science_Maid/sci.crypt
0.25000003679419563	0.2499999274902181	0.24999992400983934	0.2500001117057469		2gram_menor/20newsGroup_science_Maid/sci.crypt
0.2499987576770462	0.25000048237943046	0.25000047720054924	0.2500002827429741		2gram_menor/20newsGroup_science_Maid/sci.crypt
0.25000027626945315	0.24999995668539132	0.24999995319696555	0.24999981384818998		2gram_menor/20newsGroup_science_Maid/sci.crypt
0.2499999046941134	0.2500000434463286	0.25000004091011646	0.2500000109494417		2gram_menor/20newsGroup_science_Maid/sci.crypt
0.250000061939713	0.24999994782381835	0.2499999449249645	0.25000004531150416		2gram_menor/20newsGroup_science_Maid/sci.crypt
0.24999918125870396	0.2500000950643058	0.250000092384062	0.25000063129292827		2gram_menor/20newsGroup_science_Maid/sci.crypt
0.24999972289238298	0.25000002345807393	0.25000002108263336	0.2500002325669096		2gram_menor/20newsGroup_science_Maid/sci.crypt
0.24999991591869616	0.2500000855418371	0.2500000824661079	0.24999991607335884		2gram_menor/20newsGroup_science_Maid/sci.crypt
0.2499996518300665	0.2500001958647472	0.2500001923307385	0.24999995997444777		2gram_menor/20newsGroup_science_Maid/sci.crypt
0.24999951174940097	0.25000030699249703	0.25000030264104445	0.2499998786170576		2gram_menor/20newsGroup_science_Maid/sci.crypt
0.24999963596314032	0.25000001886959183	0.25000001434194646	0.25000033082532136		2gram_menor/20newsGroup_science_Maid/sci.crypt
0.24999880390879284	0.25000014140286475	0.2500001374596703	0.2500009172286722		2gram_menor/20newsGroup_science_Maid/sci.crypt
0.25000009933608963	0.2499999544555113	0.24999994874353773	0.24999999746486137		2gram_menor/20newsGroup_science_Maid/sci.crypt
0.25000036992285213	0.2500000007104202	0.2499999970553036	0.24999963231142408		2gram_menor/20newsGroup_science_Maid/sci.crypt
0.249999754907522	0.25000003350804384	0.25000002919540776	0.2500001823890264		2gram_menor/20newsGroup_science_Maid/sci.crypt
0.24999977225010347	0.25000003800191656	0.25000003434703627	0.2500001554009438		2gram_menor/20newsGroup_science_Maid/sci.crypt
0.2500000815756145	0.25000006186135476	0.25000005971697215	0.24999979684605855		2gram_menor/20newsGroup_science_Maid/sci.crypt
0.24999977987566155	0.2500000638959938	0.24999995777972697	0.25000019844861776		2gram_menor/20newsGroup_science_Maid/sci.crypt
0.2500000755797804	0.2500000117365861	0.2500000078047013	0.2499999048789322		2gram_menor/20newsGroup_science_Maid/sci.crypt
0.24999970035076946	0.2500000962664111	0.2500000923358489	0.2500001110469705		2gram_menor/20newsGroup_science_Maid/sci.crypt
0.2500000243822095	0.2500000201062457	0.2500000149966857	0.24999994051485908		2gram_menor/20newsGroup_science_Maid/sci.crypt
0.2499998838098546	0.2500000277634101	0.250000023790936	0.2500000646357994		2gram_menor/20newsGroup_science_Maid/sci.crypt
0.25000015519913626	0.2500001151402679	0.2500001111219918	0.24999961853860406		2gram_menor/20newsGroup_science_Maid/sci.crypt
0.24999945977647312	0.2500000378213182	0.25000003386828956	0.25000046853391916		2gram_menor/20newsGroup_science_Maid/sci.crypt
0.24999972156966704	0.2500001907654768	0.25000018442099486	0.24999990324386126		2gram_menor/20newsGroup_science_Maid/sci.crypt
0.2499997958650154	0.25000018905717597	0.2500001840128717	0.24999983106493687		2gram_menor/20newsGroup_science_Maid/sci.crypt
0.24999997248990805	0.24999984675539005	0.2499998436230465	0.25000033713165537		2gram_menor/20newsGroup_science_Maid/sci.crypt
0.24999972298897719	0.2500002356033598	0.25000023105626684	0.2499998103513961		2gram_menor/20newsGroup_science_Maid/sci.crypt
0.2499999395607056	0.2500001129664284	0.25000010822829893	0.24999983924456703		2gram_menor/20newsGroup_science_Maid/sci.crypt
0.25000065991326825	0.25000002538275407	0.25000001683134765	0.24999929787263		2gram_menor/20newsGroup_science_Maid/sci.crypt
0.24999973121840366	0.2499998085644987	0.24999980495909385	0.25000065525800375		2gram_menor/20newsGroup_science_Maid/sci.crypt
0.2500004144511732	0.2499999752433974	0.24999997251289865	0.24999963779253073		2gram_menor/20newsGroup_science_Maid/sci.crypt
0.25000037098300165	0.25000000566545166	0.2500000010160005	0.2499996223355461		2gram_menor/20newsGroup_science_Maid/sci.crypt
0.24999949137634114	0.2500000471822579	0.25000004116666563	0.2500004202747353		2gram_menor/20newsGroup_science_Maid/sci.crypt
0.2500001856928347	0.24999990086710716	0.2499998967805702	0.2500000166594879		2gram_menor/20newsGroup_science_Maid/sci.crypt
0.24999999307994167	0.2500000225826288	0.2500000179437593	0.24999996639367025		2gram_menor/20newsGroup_science_Maid/sci.crypt
0.24999991611727906	0.2500001280450037	0.25000012422005985	0.24999983161765738		2gram_menor/20newsGroup_science_Maid/sci.crypt
0.24999952092482736	0.25000035505061013	0.25000034821938455	0.2499997758051779		2gram_menor/20newsGroup_science_Maid/sci.crypt
0.2500002006621531	0.2499998559648533	0.24999985205302683	0.25000009131996664		2gram_menor/20newsGroup_science_Maid/sci.crypt
0.25000024146218364	0.2499999036950055	0.24999989803519046	0.2499999568076204		2gram_menor/20newsGroup_science_Maid/sci.crypt
0.2500004209687419	0.2499999859389619	0.24999998289860187	0.24999961019369427		2gram_menor/20newsGroup_science_Maid/sci.crypt
0.2500001319005166	0.24999995067750522	0.24999994376141405	0.24999997366056426		2gram_menor/20newsGroup_science_Maid/sci.crypt
0.24999997811455912	0.25000001808212724	0.250000014681719	0.24999998912159474		2gram_menor/20newsGroup_science_Maid/sci.crypt
0.250000586440036	0.24999996323456633	0.24999995842699893	0.24999949189839876		2gram_menor/20newsGroup_science_Maid/sci.crypt
0.2500000252479645	0.2500000200304163	0.25000001588986537	0.24999993883175384		2gram_menor/20newsGroup_science_Maid/sci.crypt
0.24999936118011507	0.2500002776518916	0.2500002725287863	0.250000088639207		2gram_menor/20newsGroup_science_Maid/sci.crypt
0.2499999837771537	0.24999992863218812	0.24999992528965664	0.2500001623010014		2gram_menor/20newsGroup_science_Maid/sci.crypt
0.2499996423055351	0.2500001498475659	0.25000014706651624	0.2500000607803827		2gram_menor/20newsGroup_science_Maid/sci.crypt
0.24999975410289793	0.25000017160624277	0.25000016875616826	0.24999990553469104		2gram_menor/20newsGroup_science_Maid/sci.crypt
0.2499990948734059	0.2499998696243585	0.25000043642595976	0.25000059907627586		2gram_menor/20newsGroup_science_Maid/sci.crypt
0.25000035708207813	0.2499999255235212	0.24999992084658115	0.24999979654781948		2gram_menor/20newsGroup_science_Maid/sci.crypt
0.25000030258072137	0.2500000321663507	0.25000002896309764	0.24999963628983024		2gram_menor/20newsGroup_science_Maid/sci.crypt
0.25000009580371974	0.24999993590304065	0.24999993164668535	0.2500000366465542		2gram_menor/20newsGroup_science_Maid/sci.crypt
0.2500005997274252	0.24999990778300957	0.24999990307100467	0.24999958941856057		2gram_menor/20newsGroup_science_Maid/sci.crypt
0.25000037234107253	0.24999999582221458	0.24999991392854393	0.249999717908169		2gram_menor/20newsGroup_science_Maid/sci.crypt
0.25000025768777095	0.24999994331522932	0.24999993862735906	0.24999986036964073		2gram_menor/20newsGroup_science_Maid/sci.crypt
0.24999833026529483	0.25000017111910344	0.24999740347553706	0.2500040951400646		2gram_menor/20newsGroup_science_Maid/sci.crypt
0.2500003768767744	0.2500000226898265	0.25000001734079536	0.24999958309260376		2gram_menor/20newsGroup_science_Maid/sci.crypt
0.250000122436222	0.2499998923136492	0.24999988872275095	0.2500000965273778		2gram_menor/20newsGroup_science_Maid/sci.crypt
0.2500001408656853	0.25000007258778545	0.25000006676825015	0.24999971977827903		2gram_menor/20newsGroup_science_Maid/sci.crypt
0.2500004774704572	0.2499999585861102	0.24999995255387636	0.24999961138955623		2gram_menor/20newsGroup_science_Maid/sci.crypt
0.24999963980039414	0.24999980929269885	0.24999980602316726	0.2500007448837397		2gram_menor/20newsGroup_science_Maid/sci.crypt
0.24999966425549278	0.25000019487179626	0.2500001910746509	0.2499999497980601		2gram_menor/20newsGroup_science_Maid/sci.crypt
0.25000041048310134	0.24999990855434231	0.24999990186248078	0.2499997791000756		2gram_menor/20newsGroup_science_Maid/sci.crypt
0.25000029740581764	0.2499997544443473	0.24999974786781082	0.2500002002820242		2gram_menor/20newsGroup_science_Maid/sci.crypt
0.25000010666755734	0.24999996249343412	0.24999995946766104	0.2499999713713475		2gram_menor/20newsGroup_science_Maid/sci.crypt
0.24999994717989205	0.24999989675546402	0.24999989327327882	0.25000026279136506		2gram_menor/20newsGroup_science_Maid/sci.crypt
0.25000023904458807	0.24999985081663864	0.24999984790782598	0.2500000622309474		2gram_menor/20newsGroup_science_Maid/sci.crypt
0.24999995790909077	0.2500000115646775	0.25000000761179	0.25000002291444173		2gram_menor/20newsGroup_science_Maid/sci.crypt
0.2500004469419516	0.2500000113296741	0.2500000067101163	0.24999953501825808		2gram_menor/20newsGroup_science_Maid/sci.crypt
0.2499998787446834	0.24999934949633515	0.2499998203163237	0.2500009514426577		2gram_menor/20newsGroup_science_Maid/sci.crypt
0.2500004828800533	0.24999997884744912	0.24999997371593802	0.24999956455655953		2gram_menor/20newsGroup_science_Maid/sci.crypt
0.24999965136131777	0.2500000027252736	0.24999999862277	0.25000034729063864		2gram_menor/20newsGroup_science_Maid/sci.crypt
0.24999991073833017	0.25000000732248673	0.25000000268710354	0.2500000792520796		2gram_menor/20newsGroup_science_Maid/sci.crypt
0.2500002987202864	0.25000003467959786	0.25000003144681254	0.24999963515330326		2gram_menor/20newsGroup_science_Maid/sci.crypt
0.24999996583084577	0.25000013461918297	0.25000013053227405	0.2499997690176972		2gram_menor/20newsGroup_science_Maid/sci.crypt
0.24999987453166359	0.2500000282651781	0.2500000230842146	0.25000007411894376		2gram_menor/20newsGroup_science_Maid/sci.crypt
0.24999931804120618	0.250000109179139	0.25000010516071985	0.250000467618935		2gram_menor/20newsGroup_science_Maid/sci.crypt
0.25000011747539086	0.25000002855829623	0.2500000259400235	0.24999982802628934		2gram_menor/20newsGroup_science_Maid/sci.crypt
0.25000012048127457	0.24999997446298378	0.24999996962523421	0.24999993543050744		2gram_menor/20newsGroup_science_Maid/sci.crypt
0.25000057148687593	0.24999977909368906	0.24999977481443136	0.24999987460500367		2gram_menor/20newsGroup_science_Maid/sci.crypt
0.25000053130238575	0.24999983206044793	0.24999982627716785	0.2499998103599986		2gram_menor/20newsGroup_science_Maid/sci.crypt
0.2499992819627491	0.2500003166963836	0.25000031010421697	0.2500000912366502		2gram_menor/20newsGroup_science_Maid/sci.crypt
0.2500002397124623	0.2500000133786306	0.25000001055477156	0.2499997363541356		2gram_menor/20newsGroup_science_Maid/sci.crypt
0.25000048147857384	0.24999987461777384	0.2499998703967999	0.24999977350685246		2gram_menor/20newsGroup_science_Maid/sci.crypt
0.2500002303537334	0.25000000162258057	0.24999999821676078	0.2499997698069252		2gram_menor/20newsGroup_science_Maid/sci.crypt
0.2500002595152591	0.24999998369812887	0.24999997831200121	0.24999977847461075		2gram_menor/20newsGroup_science_Maid/sci.crypt
0.250000104901455	0.24999991604642485	0.24999991288019352	0.2500000661719266		2gram_menor/20newsGroup_science_Maid/sci.crypt
0.2500001234301745	0.24999991921044126	0.24999991367671787	0.2500000436826664		2gram_menor/20newsGroup_science_Maid/sci.crypt
0.25000026514334756	0.2500000625743285	0.25000005811239373	0.24999961416993016		2gram_menor/20newsGroup_science_Maid/sci.crypt
0.2500003059769074	0.2499999018182741	0.24999989915229792	0.24999989305252057		2gram_menor/20newsGroup_science_Maid/sci.crypt
0.2499998267110345	0.2500000141814254	0.2500000100505272	0.2500001490570129		2gram_menor/20newsGroup_science_Maid/sci.crypt
0.2500002603765227	0.2499998108682521	0.24999980563451202	0.2500001231207132		2gram_menor/20newsGroup_science_Maid/sci.crypt
0.2499996324314723	0.25000014180060826	0.2500001380905139	0.2500000876774056		2gram_menor/20newsGroup_science_Maid/sci.crypt
0.25000024414434896	0.24999976434379242	0.2499997599765045	0.2500002315353541		2gram_menor/20newsGroup_science_Maid/sci.crypt
0.2500003055120147	0.24999998551164648	0.24999997992688688	0.24999972904945195		2gram_menor/20newsGroup_science_Maid/sci.crypt
0.24999989198865633	0.25000003558025075	0.25000003090949396	0.25000004152159905		2gram_menor/20newsGroup_science_Maid/sci.crypt
0.25000007237662664	0.2500000398400754	0.25000003531362147	0.2499998524696764		2gram_menor/20newsGroup_science_Maid/sci.crypt
0.2499992872846654	0.2499997371187541	0.24999973215063773	0.2500012434459427		2gram_menor/20newsGroup_science_Maid/sci.crypt
0.2500002822110583	0.2500000331448752	0.25000002884673944	0.24999965579732703		2gram_menor/20newsGroup_science_Maid/sci.crypt
0.24999979323302943	0.25000008612931096	0.2500000818536717	0.2500000387839879		2gram_menor/20newsGroup_science_Maid/sci.crypt
0.24999977034556395	0.2500001734240119	0.2500001674358443	0.24999988879457996		2gram_menor/20newsGroup_science_Maid/sci.crypt
0.2499978999363236	0.2500008323901937	0.24999939942428503	0.2500018682491976		2gram_menor/20newsGroup_science_Maid/sci.crypt
0.2499998726153627	0.24999993477581903	0.24999993227914077	0.2500002603296775		2gram_menor/20newsGroup_science_Maid/sci.crypt
0.24999943419108603	0.25000019833908843	0.2500001933004705	0.25000017416935505		2gram_menor/20newsGroup_science_Maid/sci.crypt
0.24999958436613973	0.25000004527819714	0.2500000404656078	0.2500003298900553		2gram_menor/20newsGroup_science_Maid/sci.crypt
0.24999929880356758	0.25000034613585853	0.25000034062726084	0.25000001443331304		2gram_menor/20newsGroup_science_Maid/sci.crypt
0.24999845745872903	0.25000002524114373	0.25000032918230236	0.250001188117825		2gram_menor/20newsGroup_science_Maid/sci.crypt
0.249999384811118	0.2500002507330282	0.2500002460403671	0.25000011841548675		2gram_menor/20newsGroup_science_Maid/sci.crypt
0.25000010202806483	0.2499999702070027	0.2499999661142606	0.2499999616506719		2gram_menor/20newsGroup_science_Maid/sci.crypt
0.25000008444173705	0.24999991938133456	0.2499999148857684	0.25000008129116014		2gram_menor/20newsGroup_science_Maid/sci.crypt
0.24999985430329022	0.24999997053529407	0.24999996702444885	0.2500002081369669		2gram_menor/20newsGroup_science_Maid/sci.crypt
0.2500001053676565	0.25000000227564867	0.24999999918948002	0.2499998931672148		2gram_menor/20newsGroup_science_Maid/sci.crypt
0.2499999932043888	0.2500000082230181	0.2500000048106197	0.24999999376197335		2gram_menor/20newsGroup_science_Maid/sci.crypt
0.24999962018925193	0.24999995684563903	0.24999995450824236	0.2500004684568668		2gram_menor/20newsGroup_science_Maid/sci.crypt
0.25000001020913715	0.25000004153290906	0.2500000369847846	0.2499999112731693		2gram_menor/20newsGroup_science_Maid/sci.crypt
0.25000024818623623	0.24999995698610958	0.24999995198435665	0.24999984284329743		2gram_menor/20newsGroup_science_Maid/sci.crypt
0.24999948326236984	0.2500000263989819	0.2500000239215034	0.2500004664171447		2gram_menor/20newsGroup_science_Maid/sci.crypt
0.2500001126794168	0.24999996727222007	0.24999996183403078	0.24999995821433224		2gram_menor/20newsGroup_science_Maid/sci.crypt
0.24999919590044972	0.25000036824678357	0.25000036284082316	0.25000007301194355		2gram_menor/20newsGroup_science_Maid/sci.crypt
0.25000021193310923	0.24999993376698354	0.24999992870272195	0.24999992559718526		2gram_menor/20newsGroup_science_Maid/sci.crypt
0.24999997074673144	0.25000007385727074	0.25000006924589585	0.24999988615010205		2gram_menor/20newsGroup_science_Maid/sci.crypt
0.2500002821804025	0.24999994643682102	0.24999994336229597	0.24999982802048049		2gram_menor/20newsGroup_science_Maid/sci.crypt
0.24999894193019914	0.2500001097260422	0.2500001063395188	0.2500008420042398		2gram_menor/20newsGroup_science_Maid/sci.crypt
0.25000018369429744	0.2499999185608155	0.2499999131521485	0.24999998459273848		2gram_menor/20newsGroup_science_Maid/sci.crypt
0.25000025878684706	0.24999997411512784	0.24999997039503802	0.24999979670298705		2gram_menor/20newsGroup_science_Maid/sci.crypt
0.24999995912136133	0.25000005177720147	0.2500000466535275	0.2499999424479097		2gram_menor/20newsGroup_science_Maid/sci.crypt
0.2500000572431065	0.2499999209218254	0.24999991648532913	0.25000010534973904		2gram_menor/20newsGroup_science_Maid/sci.crypt
0.2500001946194076	0.2499999877633713	0.2499999846978238	0.24999983291939729		2gram_menor/20newsGroup_science_Maid/sci.crypt
0.24999974646185935	0.2500000318452048	0.2500000284811223	0.25000019321181355		2gram_menor/20newsGroup_science_Maid/sci.crypt
0.24999920146999552	0.25000023775661934	0.250000234809124	0.2500003259642611		2gram_menor/20newsGroup_science_Maid/sci.crypt
0.25000027857721546	0.25000000374095405	0.24999999984835541	0.24999971783347502		2gram_menor/20newsGroup_science_Maid/sci.crypt
0.25000011717704496	0.24999997581168792	0.24999997343297964	0.24999993357828743		2gram_menor/20newsGroup_science_Maid/sci.crypt
0.24999966398978465	0.2500001072407209	0.25000010384326543	0.25000012492622914		2gram_menor/20newsGroup_science_Maid/sci.crypt
0.250000131366353	0.24999992396200812	0.24999992030919457	0.25000002436244423		2gram_menor/20newsGroup_science_Maid/sci.crypt
0.24999991460035811	0.24999994373357903	0.249999939891993	0.25000020177406984		2gram_menor/20newsGroup_science_Maid/sci.crypt
0.2500004876650526	0.24999998382742789	0.24999998030256837	0.24999954820495127		2gram_menor/20newsGroup_science_Maid/sci.crypt
0.2500002708760866	0.24999995281940854	0.24999994972981154	0.24999982657469316		2gram_menor/20newsGroup_science_Maid/sci.crypt
0.25000019855478356	0.24999989031208342	0.24999988563498352	0.2500000254981494		2gram_menor/20newsGroup_science_Maid/sci.crypt
0.24999986841579044	0.2500001023305942	0.25000009847373317	0.24999993077988217		2gram_menor/20newsGroup_science_Maid/sci.crypt
0.250000207849309	0.2500000425973349	0.2500000381233053	0.24999971143005076		2gram_menor/20newsGroup_science_Maid/sci.crypt
0.24999929215055192	0.25000011563674096	0.25000011184426274	0.2500004803684443		2gram_menor/20newsGroup_science_Maid/sci.crypt
0.25000027166952316	0.24999997871363258	0.24999997487307643	0.249999774743768		2gram_menor/20newsGroup_science_Maid/sci.crypt
0.2500003546082122	0.25000002977939423	0.25000002595743465	0.24999958965495891		2gram_menor/20newsGroup_science_Maid/sci.crypt
0.24999907156007972	0.2500002661818898	0.2500002635568802	0.2500003987011502		2gram_menor/20newsGroup_science_Maid/sci.crypt
0.24999996051682402	0.250000024300004	0.2500000192507142	0.24999999593245775		2gram_menor/20newsGroup_science_Maid/sci.crypt
0.2499997182970025	0.2499997993292092	0.24999979468636666	0.25000068768742173		2gram_menor/20newsGroup_science_Maid/sci.crypt
0.2500001964246852	0.25000002003069893	0.25000001563828794	0.2499997679063279		2gram_menor/20newsGroup_science_Maid/sci.crypt
0.2499998187628069	0.2499999816832037	0.24999997678524588	0.2500002227687435		2gram_menor/20newsGroup_science_Maid/sci.crypt
0.250000521937547	0.24999990632595961	0.24999990174272077	0.24999966999377263		2gram_menor/20newsGroup_science_Maid/sci.crypt
0.250000294253371	0.25000001870315514	0.2500000143807558	0.24999967266271805		2gram_menor/20newsGroup_science_Maid/sci.crypt
0.2499992194600937	0.2500001210719655	0.25000011712768666	0.25000054234025415		2gram_menor/20newsGroup_science_Maid/sci.crypt
0.2500002250276843	0.2500001055624589	0.2500001001201865	0.24999956928967024		2gram_menor/20newsGroup_science_Maid/sci.crypt
0.2500001985459606	0.249999982374811	0.24999997872949933	0.24999984034972897		2gram_menor/20newsGroup_science_Maid/sci.crypt
0.24999988112315893	0.2500001119545997	0.2500001078129466	0.24999989910929474		2gram_menor/20newsGroup_science_Maid/sci.crypt
0.24999992991255737	0.25000009939566975	0.25000009646986815	0.24999987422190473		2gram_menor/20newsGroup_science_Maid/sci.crypt
0.24999999543616705	0.25000001460375154	0.25000001279622586	0.24999997716385544		2gram_menor/20newsGroup_science_Maid/sci.crypt
0.2500000899536397	0.2499997896523453	0.24999978495997166	0.25000033543404343		2gram_menor/20newsGroup_science_Maid/sci.crypt
0.24999969669985603	0.24999983754313476	0.24999983252207508	0.25000063323493416		2gram_menor/20newsGroup_science_Maid/sci.crypt
0.24999350860969802	0.25000088830594036	0.2500008825062753	0.2500047205780864		2gram_menor/20newsGroup_science_Maid/sci.crypt
0.2500002368039993	0.24999993982697277	0.24999993501618387	0.24999988835284398		2gram_menor/20newsGroup_science_Maid/sci.crypt
0.24999969984203563	0.2500001202122215	0.2500001149556627	0.2500000649900802		2gram_menor/20newsGroup_science_Maid/sci.crypt
0.2499995842814406	0.25000021360468044	0.25000021014194485	0.24999999197193404		2gram_menor/20newsGroup_science_Maid/sci.crypt
0.2500001282758478	0.2500000040550704	0.24999999894828862	0.24999986872079327		2gram_menor/20newsGroup_science_Maid/sci.crypt
0.2499996682453095	0.250000186410333	0.2500001820058804	0.24999996333847702		2gram_menor/20newsGroup_science_Maid/sci.crypt
0.24999960322712234	0.25000029509521704	0.25000028891973797	0.24999981275792274		2gram_menor/20newsGroup_science_Maid/sci.crypt
0.2500002854061414	0.24999997711417324	0.24999997338206226	0.2499997640976231		2gram_menor/20newsGroup_science_Maid/sci.crypt
0.2500009915737687	0.24999987036778026	0.24999986256110523	0.24999927549734577		2gram_menor/20newsGroup_science_Maid/sci.crypt
0.24999890451551451	0.2499999677340265	0.24999996325859639	0.2500011644918626		2gram_menor/20newsGroup_science_Maid/sci.crypt
0.25000048110637524	0.2499998137778281	0.24999980852613513	0.24999989658966157		2gram_menor/20newsGroup_science_Maid/sci.crypt
0.25000093144561397	0.24999981812001368	0.24999981119862222	0.24999943923575008		2gram_menor/20newsGroup_science_Maid/sci.crypt
0.25000040960668757	0.24999990889262158	0.24999990577974648	0.24999977572094437		2gram_menor/20newsGroup_science_Maid/sci.crypt
0.25000049197130136	0.24999975808921293	0.2499997525723763	0.24999999736710934		2gram_menor/20newsGroup_science_Maid/sci.crypt
0.25000033420738754	0.24999992380592048	0.24999992117318262	0.24999982081350933		2gram_menor/20newsGroup_science_Maid/sci.crypt
0.24999985891721535	0.2500000797189294	0.25000007464223145	0.2499999867216239		2gram_menor/20newsGroup_science_Maid/sci.crypt
0.24999985487627405	0.24999999899372255	0.249999994686687	0.2500001514433165		2gram_menor/20newsGroup_science_Maid/sci.crypt
0.24999940918551225	0.2500001425148806	0.25000013804292714	0.25000031025667985		2gram_menor/20newsGroup_science_Maid/sci.crypt
0.25000009272577456	0.24999995314825307	0.24999994605351447	0.25000000807245787		2gram_menor/20newsGroup_science_Maid/sci.crypt
0.24999982281177405	0.2499998329426824	0.2499998287167305	0.2500005155288131		2gram_menor/20newsGroup_science_Maid/sci.crypt
0.24999917970607075	0.2500000397693338	0.25000003587464076	0.2500007446499547		2gram_menor/20newsGroup_science_Maid/sci.crypt
0.2500000866322363	0.24999961274690152	0.24999960695656306	0.2500006936642991		2gram_menor/20newsGroup_science_Maid/sci.crypt
0.2500002871233439	0.2499999407558786	0.24999993563268244	0.249999836488095		2gram_menor/20newsGroup_science_Maid/sci.crypt
0.24999983305256937	0.2499999175222941	0.2499999152788464	0.25000033414629		2gram_menor/20newsGroup_science_Maid/sci.crypt
0.2499996576354231	0.25000019326088735	0.2500001881594868	0.24999996094420274		2gram_menor/20newsGroup_science_Maid/sci.crypt
0.24999780378447128	0.2500008822433216	0.24999901307035724	0.25000230090184977		2gram_menor/20newsGroup_science_Maid/sci.crypt
0.24999967961926536	0.25000015381537727	0.2500001502448262	0.2500000163205312		2gram_menor/20newsGroup_science_Maid/sci.crypt
0.25000023448760433	0.2499998541280503	0.24999985098503386	0.2500000603993115		2gram_menor/20newsGroup_science_Maid/sci.crypt
0.25000038883615716	0.2499999975718866	0.24999999182147425	0.24999962177048204		2gram_menor/20newsGroup_science_Maid/sci.crypt
0.2499994228066269	0.2500001426603671	0.2500001391626496	0.25000029537035634		2gram_menor/20newsGroup_science_Maid/sci.crypt
0.25000058129118996	0.24999997916447894	0.24999997423416892	0.24999946531016232		2gram_menor/20newsGroup_science_Maid/sci.crypt
0.2499999462080497	0.25000012915130637	0.2500000414189298	0.2499998832217142		2gram_menor/20newsGroup_science_Maid/sci.crypt
0.2500000268394994	0.25000014743896337	0.2500001436732329	0.2499996820483044		2gram_menor/20newsGroup_science_Maid/sci.crypt
0.24999974022252114	0.2500000935624253	0.2500000902736438	0.2500000759414097		2gram_menor/20newsGroup_science_Maid/sci.crypt
0.25000021291608554	0.25000001255361504	0.250000008824938	0.24999976570536145		2gram_menor/20newsGroup_science_Maid/sci.crypt
0.2500001339802019	0.24999995679565926	0.24999995049193027	0.2499999587322084		2gram_menor/20newsGroup_science_Maid/sci.crypt
0.24999923566005658	0.25000000995099564	0.25000000699284786	0.2500007473961		2gram_menor/20newsGroup_science_Maid/sci.crypt
0.2499994883899644	0.2500001419492101	0.25000013745850636	0.2500002322023191		2gram_menor/20newsGroup_science_Maid/sci.crypt
0.24999834170734625	0.25000031729276206	0.2500003139603263	0.25000102703956534		2gram_menor/20newsGroup_science_Maid/sci.crypt
0.24999856870133597	0.25000001135242483	0.24999996931006352	0.25000145063617574		2gram_menor/20newsGroup_science_Maid/sci.crypt
0.24999993150118804	0.2500002188628423	0.2500002123894733	0.24999963724649632		2gram_menor/20newsGroup_science_Maid/sci.crypt
0.2500002039681554	0.2499999914289773	0.24999998478456467	0.24999981981830258		2gram_menor/20newsGroup_science_Maid/sci.crypt
0.2500001802482195	0.24999994357170083	0.24999993811602644	0.24999993806405338		2gram_menor/20newsGroup_science_Maid/sci.crypt
0.24999751167666676	0.25000035996557496	0.25000035558758127	0.250001772770177		2gram_menor/20newsGroup_science_Maid/sci.crypt
0.2500001784982846	0.25000010954802726	0.25000010385080057	0.24999960810288752		2gram_menor/20newsGroup_science_Maid/sci.crypt
0.2500005606367403	0.24999980413494563	0.24999979762973085	0.24999983759858327		2gram_menor/20newsGroup_science_Maid/sci.crypt
0.2500001859806233	0.249999891470811	0.24999988695181669	0.25000003559674894		2gram_menor/20newsGroup_science_Maid/sci.crypt
0.2500000509036389	0.250000036598492	0.2500000326348457	0.24999987986302347		2gram_menor/20newsGroup_science_Maid/sci.crypt
0.25000019165171666	0.25000014384655356	0.2500001357791162	0.24999952872261355		2gram_menor/20newsGroup_science_Maid/sci.crypt
0.2500003913714878	0.2500000186681816	0.2500000150772736	0.249999574883057		2gram_menor/20newsGroup_science_Maid/sci.crypt
0.24999961570966608	0.2500001880413892	0.25000018313583056	0.2500000131131142		2gram_menor/20newsGroup_science_Maid/sci.crypt
0.2500004755308842	0.2499999366966177	0.24999993125828987	0.24999965651420827		2gram_menor/20newsGroup_science_Maid/sci.crypt
0.2499998088258912	0.24999932261504418	0.24999996774782124	0.25000090081124343		2gram_menor/20newsGroup_science_Maid/sci.crypt
0.25000025630890715	0.24999992089418688	0.24999991535786004	0.24999990743904596		2gram_menor/20newsGroup_science_Maid/sci.crypt
0.25000055722597375	0.24999996574812308	0.2499999592570252	0.24999951776887785		2gram_menor/20newsGroup_science_Maid/sci.crypt
0.2500010200144768	0.24999996685189696	0.24999995709493247	0.24999905603869382		2gram_menor/20newsGroup_science_Maid/sci.crypt
0.24999971883228658	0.2500000462007955	0.25000004269557036	0.25000019227134757		2gram_menor/20newsGroup_science_Maid/sci.crypt
0.2500000107492618	0.24999999871707113	0.2499999939881202	0.24999999654554683		2gram_menor/20newsGroup_science_Maid/sci.crypt
0.2500003747451989	0.2499999848448702	0.24999998109016996	0.24999965931976081		2gram_menor/20newsGroup_science_Maid/sci.crypt
0.25000022447327064	0.2499999586791945	0.2499999545593295	0.24999986228820528		2gram_menor/20newsGroup_science_Maid/sci.crypt
0.24999826926444058	0.25000056694867573	0.2500005619714372	0.25000060181544653		2gram_menor/20newsGroup_science_Maid/sci.crypt
0.25000004338410486	0.24999997173381824	0.24999996805333238	0.2500000168287445		2gram_menor/20newsGroup_science_Maid/sci.crypt
0.25000077175211327	0.2499998512278307	0.2499998461229046	0.24999953089715143		2gram_menor/20newsGroup_science_Maid/sci.crypt
0.25000022781822523	0.24999998639167234	0.24999998489075345	0.24999980089934895		2gram_menor/20newsGroup_science_Maid/sci.crypt
0.24999888412043045	0.25000041859633143	0.2500004127329272	0.25000028455031087		2gram_menor/20newsGroup_science_Maid/sci.crypt
0.2499996176980446	0.25000000504630115	0.24999963109535892	0.2500007461602954		2gram_menor/20newsGroup_science_Maid/sci.crypt
0.24999919258075406	0.250000389087938	0.2500003816292811	0.25000003670202686		2gram_menor/20newsGroup_science_Maid/sci.crypt
0.24999972390564845	0.2500001284115931	0.25000012456481957	0.25000002311793895		2gram_menor/20newsGroup_science_Maid/sci.crypt
0.25000039298017884	0.24999993051575126	0.2499999234043751	0.24999975309969483		2gram_menor/20newsGroup_science_Maid/sci.crypt
0.24999983949426216	0.2499999079741641	0.2499999024292564	0.2500003501023173		2gram_menor/20newsGroup_science_Maid/sci.crypt
0.24999825952160504	0.2500006458667698	0.2500006419229445	0.25000045268868065		2gram_menor/20newsGroup_science_Maid/sci.crypt
0.24999987130664555	0.2500000704549395	0.2500000653986646	0.24999999283975036		2gram_menor/20newsGroup_science_Maid/sci.crypt
0.250000152800385	0.24999988204324705	0.24999987649847716	0.25000008865789075		2gram_menor/20newsGroup_science_Maid/sci.crypt
0.2500002292662192	0.2500000118766791	0.25000000641446	0.24999975244264155		2gram_menor/20newsGroup_science_Maid/sci.crypt
0.2500004638930995	0.25000005101892336	0.25000004574972834	0.2499994393382488		2gram_menor/20newsGroup_science_Maid/sci.crypt
0.2499982748387951	0.25000017754171244	0.2500001806840679	0.2500013669354246		2gram_menor/20newsGroup_science_Maid/sci.crypt
0.24999923778151711	0.2500003126093898	0.250000307080136	0.250000142528957		2gram_menor/20newsGroup_science_Maid/sci.crypt
0.24999820255511213	0.25000028184633916	0.2500002755633354	0.25000124003521335		2gram_menor/20newsGroup_science_Maid/sci.crypt
0.2500005743670145	0.2499999814696224	0.24999997624864653	0.24999946791471664		2gram_menor/20newsGroup_science_Maid/sci.crypt
0.2500003528465954	0.24999991901314936	0.24999991008035236	0.24999981805990298		2gram_menor/20newsGroup_science_Maid/sci.crypt
0.25000000905950454	0.24999986471046587	0.24999985987813444	0.2500002663518951		2gram_menor/20newsGroup_science_Maid/sci.crypt
0.25000064504331354	0.24999997992207734	0.24999997490128176	0.24999940013332736		2gram_menor/20newsGroup_science_Maid/sci.crypt
0.24999995885198323	0.25000000593536104	0.25000000290367613	0.2500000323089795		2gram_menor/20newsGroup_science_Maid/sci.crypt
0.2500001407888048	0.24999999200031994	0.2499999879891067	0.24999987922176864		2gram_menor/20newsGroup_science_Maid/sci.crypt
0.25000034906492435	0.2499999093764816	0.24999990458836374	0.2499998369702302		2gram_menor/20newsGroup_science_Maid/sci.crypt
0.25000045817903066	0.24999996187453669	0.24999995708961234	0.24999962285682029		2gram_menor/20newsGroup_science_Maid/sci.crypt
0.25000022300484503	0.2499999661234983	0.24999996372316674	0.24999984714848997		2gram_menor/20newsGroup_science_Maid/sci.crypt
0.25000035579809576	0.25000004026191963	0.25000003643657176	0.24999956750341282		2gram_menor/20newsGroup_science_Maid/sci.crypt
0.2500003714027224	0.24999999189767305	0.2499999885831534	0.24999964811645106		2gram_menor/20newsGroup_science_Maid/sci.crypt
0.25000010007218487	0.2500000525550406	0.2500000485012067	0.24999979887156787		2gram_menor/20newsGroup_science_Maid/sci.crypt
0.2499994900626997	0.2500001133132308	0.2500001096565276	0.2500002869675419		2gram_menor/20newsGroup_science_Maid/sci.crypt
0.24999966475114152	0.2500001899216423	0.2500001846211625	0.2499999607060536		2gram_menor/20newsGroup_science_Maid/sci.crypt
0.24999954097648044	0.25000001247325515	0.2500000076579472	0.2500004388923172		2gram_menor/20newsGroup_science_Maid/sci.crypt
0.250000237736965	0.2499999142817336	0.24999990930766078	0.24999993867364062		2gram_menor/20newsGroup_science_Maid/sci.crypt
0.24999996452316178	0.24999997016005532	0.24999996572471075	0.2500000995920721		2gram_menor/20newsGroup_science_Maid/sci.crypt
0.2499992893550728	0.2500001652729118	0.2500001626441533	0.2500003827278621		2gram_menor/20newsGroup_science_Maid/sci.crypt
0.250000037328116	0.2500000676435694	0.25000006236596617	0.24999983266234838		2gram_menor/20newsGroup_science_Maid/sci.crypt
0.24999937096216165	0.24999981548109637	0.24999981089359724	0.2500010026631448		2gram_menor/20newsGroup_science_Maid/sci.crypt
