0.16667267981960934	0.16666986666153463	0.16666937715418725	0.16666752749467134	0.1666693532070581	0.1666511956629393		Hitech-menor/_Maid/computer
0.16666617715124038	0.16666593552185144	0.1666660419140841	0.1666663562047573	0.16666646253341558	0.16666902667465108		Hitech-menor/_Maid/computer
0.1666683707960345	0.16666811679227514	0.166668098857002	0.1666682861775608	0.16666739903924138	0.16665972833788614		Hitech-menor/_Maid/computer
0.16668054143987227	0.16666684296227458	0.16667692835498701	0.1666666938746148	0.16667813907801285	0.1666308542902385		Hitech-menor/_Maid/computer
0.16666678375432176	0.16666646065121699	0.16666605092649672	0.16666589918140698	0.16666533433161274	0.16666947115494485		Hitech-menor/_Maid/computer
0.16666671828951365	0.16666643821279092	0.16666670792458912	0.1666658050018508	0.16666676450080004	0.1666675660704555		Hitech-menor/_Maid/computer
0.1666685886847309	0.16666789218452932	0.16666809553499667	0.16666705928875397	0.16666650671939043	0.16666185758759874		Hitech-menor/_Maid/computer
0.16666654933484346	0.1666663320988009	0.16666634471833006	0.16666618720681933	0.16666682645518605	0.1666677601860202		Hitech-menor/_Maid/computer
0.16666785317715604	0.16666724249513304	0.16666702151254015	0.16666621850582447	0.16666637101906237	0.1666652932902839		Hitech-menor/_Maid/computer
0.1666653844420936	0.1666672042184065	0.1666659501984901	0.1666665361315264	0.16666627587162494	0.16666864913785848		Hitech-menor/_Maid/computer
0.16664763477965655	0.16668841302036172	0.16665318061808473	0.16668363688283402	0.1666529512211614	0.16667418347790158		Hitech-menor/_Maid/computer
0.16666692211489595	0.1666667996631514	0.16666672131581048	0.16666600648647203	0.1666663607426289	0.16666718967704125		Hitech-menor/_Maid/computer
0.16666683130383275	0.1666664670158756	0.1666668255363811	0.1666673746378647	0.16666724467560684	0.166665256830439		Hitech-menor/_Maid/computer
0.16666683430522244	0.16666653821092553	0.1666664902044174	0.16666633382914717	0.16666751931061935	0.16666628413966814		Hitech-menor/_Maid/computer
0.16666682672611022	0.1666658783237629	0.1666672696513622	0.1666659223795764	0.1666667507722552	0.16666735214693304		Hitech-menor/_Maid/computer
0.16666975036064496	0.1666672862189139	0.16666769683110513	0.16666626610081445	0.16666726448374006	0.16666173600478146		Hitech-menor/_Maid/computer
0.16666708359786608	0.16666703198583407	0.16666696866272826	0.1666667745783527	0.1666667112259896	0.16666542994922928		Hitech-menor/_Maid/computer
0.16666398972452506	0.16666663615020738	0.16666460349912907	0.1666693784156208	0.16666724022186674	0.16666815198865093		Hitech-menor/_Maid/computer
0.16666823987233867	0.1666675303810502	0.16666713605671632	0.16666686159503316	0.16666706210981785	0.16666316998504385		Hitech-menor/_Maid/computer
0.16666701392230096	0.16666716484819455	0.1666666938099927	0.16666610932746118	0.16666759482735008	0.16666542326470055		Hitech-menor/_Maid/computer
0.16666720285374928	0.1666672180735031	0.16666715305612081	0.16666665722228502	0.16666659213516785	0.16666517665917388		Hitech-menor/_Maid/computer
0.16666676176852468	0.16666809356642945	0.1666665450332087	0.166667608041199	0.16666605958118816	0.16666493200944993		Hitech-menor/_Maid/computer
0.1666709239457529	0.1666674092321673	0.16667000678585647	0.1666671450639563	0.1666683864122332	0.16665612856003384		Hitech-menor/_Maid/computer
0.1666669069540729	0.1666671609686436	0.16666663575977225	0.1666668458321068	0.16666753135245033	0.16666491913295411		Hitech-menor/_Maid/computer
0.16666700614795604	0.16666604326321735	0.16666694917593275	0.16666754286023683	0.16666758495432543	0.16666487359833154		Hitech-menor/_Maid/computer
0.16667163257379583	0.166665008378195	0.16666677327632506	0.1666653261100187	0.16666861664549987	0.1666626430161655		Hitech-menor/_Maid/computer
0.16666834592332952	0.16666712783706744	0.16666779212747063	0.16666718037033434	0.16666741807734484	0.16666213566445326		Hitech-menor/_Maid/computer
0.16666541939550622	0.16666510728330391	0.1666680363131964	0.16666760070078276	0.16666824559382887	0.16666559071338177		Hitech-menor/_Maid/computer
0.16666754649353252	0.166667180213783	0.16666713104250652	0.16666687875672123	0.16666682945150887	0.16666443404194783		Hitech-menor/_Maid/computer
0.16666733518248533	0.16666599722217562	0.16666610083259784	0.1666659773584107	0.16666718832949093	0.16666740107483957		Hitech-menor/_Maid/computer
0.1666677408812356	0.16666734254132423	0.16666737331726436	0.16666667279824318	0.16666687104595582	0.16666399941597687		Hitech-menor/_Maid/computer
0.1666667831210209	0.16666731647334745	0.16666691450582727	0.1666668157466721	0.1666664844541606	0.16666568569897167		Hitech-menor/_Maid/computer
0.16666830025622725	0.1666680565858163	0.16666691303128123	0.16666703976417313	0.16666681694859212	0.16666287341391		Hitech-menor/_Maid/computer
0.16666711076138432	0.16666693582840794	0.16666694311376634	0.16666680947959284	0.16666681670866373	0.1666653841081847		Hitech-menor/_Maid/computer
0.1666676011726734	0.1666675474234127	0.16666774283141725	0.16666728171691303	0.16666789343845323	0.1666619334171304		Hitech-menor/_Maid/computer
0.1666702783670792	0.16666683455751177	0.16666721004177765	0.16666599904777205	0.16666703100823682	0.16666264697762245		Hitech-menor/_Maid/computer
0.16667031811350913	0.1666669017478666	0.16666693482848907	0.1666660609818629	0.16666674485567343	0.1666630394725988		Hitech-menor/_Maid/computer
0.16666774796966355	0.1666670230298174	0.1666671027882854	0.166666283086293	0.16666690181649396	0.16666494130944667		Hitech-menor/_Maid/computer
0.166667552900048	0.16666768545261565	0.16666693218502762	0.16666701403313539	0.16666657719899372	0.16666423823017965		Hitech-menor/_Maid/computer
0.16666730147538403	0.16666671780427988	0.16666682367998936	0.16666615990128014	0.16666706731670303	0.16666592982236356		Hitech-menor/_Maid/computer
0.16667100305429303	0.16666540983153313	0.16666828111251183	0.16666549804372688	0.16666919005457423	0.16666061790336092		Hitech-menor/_Maid/computer
0.16666593622955103	0.1666657338478171	0.16666696701965245	0.16666649236752681	0.166666582176251	0.16666828835920164		Hitech-menor/_Maid/computer
0.16666771230951086	0.1666684788527949	0.16666759284704516	0.1666672392816241	0.1666666337142021	0.16666234299482285		Hitech-menor/_Maid/computer
0.16666690310585486	0.16666668684295138	0.1666673533689144	0.16666757474335792	0.16666745864758367	0.1666640232913378		Hitech-menor/_Maid/computer
0.16666531644103164	0.16666528753106655	0.16666561687499798	0.16666637325652406	0.16666639560721605	0.1666710102891637		Hitech-menor/_Maid/computer
0.1666674607652088	0.16666723642498613	0.16666708699933172	0.16666710552766298	0.16666695598741632	0.16666415429539408		Hitech-menor/_Maid/computer
0.16666739421901422	0.16666717479429483	0.16666702852547605	0.16666690783507268	0.16666676145725348	0.16666473316888877		Hitech-menor/_Maid/computer
0.1666662141093907	0.16666598688564338	0.16666680474018572	0.16666687916214848	0.16666703755302575	0.16666707754960594		Hitech-menor/_Maid/computer
0.16667005886147404	0.16666721873403811	0.16666763149080693	0.16666613967287675	0.16666689534240967	0.16666205589839453		Hitech-menor/_Maid/computer
0.1666682378696843	0.16666677647866848	0.16666684387655015	0.1666660946004396	0.16666664459144795	0.16666540258320955		Hitech-menor/_Maid/computer
0.16666766916533676	0.1666669055956586	0.16666671179135428	0.16666598950404324	0.16666612529616354	0.16666659864744363		Hitech-menor/_Maid/computer
0.16666697439945286	0.16666656313618852	0.16666702234690658	0.16666695278552854	0.16666697099167355	0.16666551634024993		Hitech-menor/_Maid/computer
0.16666658403766083	0.16666694847517718	0.16666669916245425	0.16666666603485292	0.16666675071661802	0.16666635157323687		Hitech-menor/_Maid/computer
0.16666680012204277	0.1666667121327323	0.16666642423046366	0.16666593595059448	0.16666619941951913	0.16666792814464768		Hitech-menor/_Maid/computer
0.16666601121176333	0.1666658836534979	0.16666645414125814	0.16666686912195838	0.16666671251210632	0.16666806935941594		Hitech-menor/_Maid/computer
0.16666669260236847	0.16666655091944332	0.16666645490145635	0.16666640069448385	0.16666669949313884	0.16666720138910915		Hitech-menor/_Maid/computer
0.16666584642232538	0.16666685814516885	0.1666654102614571	0.16666680691905922	0.16666494998978337	0.16667012826220615		Hitech-menor/_Maid/computer
0.1666674148178705	0.1666662383666477	0.16666676368970681	0.166665503592387	0.16666778415924502	0.166666295374143		Hitech-menor/_Maid/computer
0.1666671228053631	0.16666738830330377	0.16666711805856593	0.16666661039784383	0.16666662310519964	0.16666513732972374		Hitech-menor/_Maid/computer
0.16666682825817966	0.16666685687840208	0.16666648388273347	0.16666609850805067	0.16666606250215052	0.1666676699704836		Hitech-menor/_Maid/computer
0.1666680284130004	0.16666758547638524	0.166667479141644	0.16666686640927916	0.166667072414814	0.16666296814487727		Hitech-menor/_Maid/computer
0.16666900432688517	0.166667043825968	0.16666661583214812	0.16666638038947704	0.16666781142559237	0.16666314419992934		Hitech-menor/_Maid/computer
0.16666863426527329	0.16666725468606647	0.1666681699438188	0.1666668220786396	0.16666734678649867	0.16666177223970316		Hitech-menor/_Maid/computer
0.16666895102102855	0.16666710873586466	0.16666723566565064	0.1666662649752551	0.16666659375548348	0.16666384584671753		Hitech-menor/_Maid/computer
0.1666677803543385	0.1666679585767764	0.16666781156330818	0.16666702074836393	0.16666687360537802	0.16666255515183495		Hitech-menor/_Maid/computer
0.16666645644718545	0.16666655799525548	0.1666674508704993	0.16666693785992062	0.16666690611260013	0.16666569071453904		Hitech-menor/_Maid/computer
0.1666731828203586	0.1666648899267622	0.16666738940636955	0.1666640588691642	0.16666956573247316	0.16666091324487226		Hitech-menor/_Maid/computer
0.16666710048742958	0.16666673514069866	0.16666671387857526	0.1666663623136551	0.16666623137395467	0.16666685680568674		Hitech-menor/_Maid/computer
0.16666727712566534	0.16667124294377936	0.16666553331104506	0.16666872871103042	0.1666655721607732	0.16666164574770662		Hitech-menor/_Maid/computer
0.1666659384351176	0.16666628821941784	0.16666671068977623	0.1666665313133114	0.16666744364642236	0.16666708769595454		Hitech-menor/_Maid/computer
0.16667156727110888	0.16666561980088218	0.16666854342563264	0.1666642228235298	0.16666823443570072	0.1666618122431458		Hitech-menor/_Maid/computer
0.16666967508646008	0.1666678436449898	0.16666778274358232	0.16666722144799734	0.16666692818646048	0.16666054889051002		Hitech-menor/_Maid/computer
0.1666663028482646	0.16666602894684004	0.16666601615644394	0.16666640671698785	0.166667087005665	0.16666815832579857		Hitech-menor/_Maid/computer
0.16666917283629262	0.16666700757233624	0.16666699946104208	0.16666670191982835	0.16666652126569698	0.16666359694480373		Hitech-menor/_Maid/computer
0.16666751141701755	0.1666672087739303	0.16666718106725073	0.16666646894315507	0.16666644113929593	0.16666518865935046		Hitech-menor/_Maid/computer
0.16666755097244373	0.16666649255057495	0.16666708324945337	0.1666655068513016	0.16666753834741552	0.16666582802881078		Hitech-menor/_Maid/computer
0.16666649679988899	0.16666569946201795	0.16666736245033825	0.16666705093389497	0.1666669353464771	0.16666645500738267		Hitech-menor/_Maid/computer
0.16666640267906008	0.16666564267731332	0.16666724912240208	0.16666697388965926	0.16666687068456598	0.16666686094699923		Hitech-menor/_Maid/computer
0.16666718280606263	0.16666686267956057	0.1666665571549798	0.16666683249319125	0.16666652677717242	0.16666603808903332		Hitech-menor/_Maid/computer
0.1666670371282117	0.16666691448778126	0.16666676401969358	0.16666630283847297	0.16666615230166434	0.1666668292241762		Hitech-menor/_Maid/computer
0.16666633193235061	0.1666641804771779	0.1666667427893273	0.16666632333011142	0.16666944968972716	0.16666697178130555		Hitech-menor/_Maid/computer
0.1666627413760471	0.1666737729767128	0.16666549011251958	0.1666710691892996	0.1666644395742398	0.16666248677118106		Hitech-menor/_Maid/computer
0.16666707244410364	0.1666668962831603	0.16666692954046852	0.166666576247631	0.16666660945888612	0.16666591602575037		Hitech-menor/_Maid/computer
0.16666552426606596	0.16666534659202356	0.16666728806512474	0.16666695973193238	0.16666684564170786	0.16666803570314548		Hitech-menor/_Maid/computer
0.16666682535732397	0.16666653016977342	0.16666707037543813	0.16666639007638104	0.16666690986346866	0.16666627415761479		Hitech-menor/_Maid/computer
0.16666508439259584	0.16666477046326286	0.16666571802773297	0.16666639937862393	0.16666665414920337	0.16667137358858097		Hitech-menor/_Maid/computer
0.1666667200002867	0.16666677128255583	0.16666647832143416	0.16666624502806104	0.1666659519642931	0.1666678334033692		Hitech-menor/_Maid/computer
0.1666665405953149	0.1666661030026624	0.16666718352948592	0.16666674488515626	0.16666661615498446	0.16666681183239604		Hitech-menor/_Maid/computer
0.1666673801866301	0.1666668113266762	0.1666666454864297	0.16666673680015473	0.16666665514398435	0.16666577105612493		Hitech-menor/_Maid/computer
0.16666892323054472	0.16666738567171022	0.16666751317242676	0.16666638187082847	0.1666673998829287	0.16666239617156114		Hitech-menor/_Maid/computer
0.1666676011076836	0.1666665648972419	0.16666657475174537	0.16666626137007073	0.1666661590772097	0.16666683879604863		Hitech-menor/_Maid/computer
0.1666668197159411	0.166666958640835	0.16666695115530145	0.16666695895220757	0.16666695133909454	0.16666536019662037		Hitech-menor/_Maid/computer
0.16666912047569626	0.16666726118536693	0.16666789570497983	0.16666677221890214	0.1666679658285096	0.16666098458654524		Hitech-menor/_Maid/computer
0.16667024546148734	0.1666671332317838	0.16666798275121647	0.16666660966599753	0.16666811392134873	0.16665991496816607		Hitech-menor/_Maid/computer
0.16665887735220827	0.1666768541322721	0.16666347096615353	0.16667437244846744	0.16666295053430422	0.16666347456659447		Hitech-menor/_Maid/computer
0.16666903353984702	0.1666671276314627	0.16666698528457163	0.16666650742682101	0.16666641724502815	0.16666392887226944		Hitech-menor/_Maid/computer
0.16666782600324506	0.16666725938855145	0.1666671889527448	0.16666682518002127	0.16666707186738652	0.1666638286080509		Hitech-menor/_Maid/computer
0.16666724392654256	0.16666720193798412	0.16666701278447768	0.16666654520444835	0.1666667765934707	0.16666521955307656		Hitech-menor/_Maid/computer
0.16666675293534305	0.16666640017994258	0.16666744255830904	0.16666644424136626	0.16666763449726857	0.16666532558777045		Hitech-menor/_Maid/computer
0.1666672851866549	0.16666688189370177	0.16666676562711247	0.1666663300550149	0.1666666846622744	0.16666605257524159		Hitech-menor/_Maid/computer
0.16666784233350743	0.16666762279614467	0.16666550583594975	0.16666682675436592	0.16666582372854347	0.16666637855148872		Hitech-menor/_Maid/electronics
0.16666727720682564	0.16666709402895363	0.16666717095414227	0.16666672482657163	0.16666671096961286	0.16666502201389394		Hitech-menor/_Maid/electronics
0.16666530945170968	0.16666531375544352	0.16666570380562212	0.16666557324074427	0.16666506325861102	0.16667303648786938		Hitech-menor/_Maid/electronics
0.1666678646943402	0.1666671911806615	0.1666670138291918	0.16666734184016552	0.16666716431876036	0.16666342413688065		Hitech-menor/_Maid/electronics
0.1666674580587995	0.1666676145966628	0.16666720318898448	0.1666669704380645	0.1666663919812208	0.16666436173626795		Hitech-menor/_Maid/electronics
0.16666817713529586	0.1666675762991001	0.1666676890719402	0.16666648328192418	0.16666720649654987	0.1666628677151898		Hitech-menor/_Maid/electronics
0.16666694239527016	0.16666680389756666	0.16666669127370998	0.16666624149202033	0.16666710646261654	0.1666662144788163		Hitech-menor/_Maid/electronics
0.1666664842272911	0.1666658096794535	0.16666742244828678	0.16666619913482955	0.16666724085783122	0.1666668436523079		Hitech-menor/_Maid/electronics
0.16666773320308148	0.16666678658525133	0.16666690021380817	0.16666600102886853	0.16666702105573408	0.16666555791325638		Hitech-menor/_Maid/electronics
0.1666659862738312	0.1666653077571491	0.16666614332565408	0.16666567309671587	0.16666629904350846	0.16667059050314134		Hitech-menor/_Maid/electronics
0.1666676307373087	0.16666742827340364	0.16666717986987237	0.16666711275461363	0.16666731905816737	0.16666332930663433		Hitech-menor/_Maid/electronics
0.16666717299430475	0.1666668004732709	0.16666540549918474	0.16666686337314499	0.1666665603299221	0.1666671973301725		Hitech-menor/_Maid/electronics
0.16666708148268536	0.1666668662866431	0.16666707548219914	0.16666689296526346	0.16666735231262048	0.1666647314705885		Hitech-menor/_Maid/electronics
0.16666527544779894	0.16666497712408676	0.16666571806584252	0.1666663670042678	0.16666687338894168	0.1666707889690623		Hitech-menor/_Maid/electronics
0.1666672417520848	0.16666756847203545	0.1666673105697786	0.16666652010789473	0.1666662620895405	0.16666509700866594		Hitech-menor/_Maid/electronics
0.16666703437867084	0.16666680859292193	0.16666658852990218	0.16666611695948952	0.16666635708303862	0.1666670944559769		Hitech-menor/_Maid/electronics
0.16666602671114064	0.16666604825971168	0.16666572980516803	0.1666669160791651	0.16666670293670435	0.16666857620811024		Hitech-menor/_Maid/electronics
0.16666606167389436	0.16666608105256198	0.16666577046864753	0.16666691482883267	0.16666670634003078	0.1666684656360326		Hitech-menor/_Maid/electronics
0.16666520336897955	0.16666569336508125	0.16666540950340608	0.16666586266183384	0.16666604234517926	0.16667178875552005		Hitech-menor/_Maid/electronics
0.16666566396320198	0.16666643385490515	0.16666771453900167	0.166666868278757	0.16666792259320465	0.16666539677092954		Hitech-menor/_Maid/electronics
0.1666678849735093	0.16666717291167032	0.16666756012142267	0.16666676893565052	0.166667156006546	0.16666345705120114		Hitech-menor/_Maid/electronics
0.1666672200518962	0.1666657517710276	0.16666675302663217	0.16666612169986403	0.16666901040495757	0.16666514304562247		Hitech-menor/_Maid/electronics
0.16666666012210118	0.16666649576339063	0.16666834028505034	0.16666567605244423	0.1666683474054202	0.16666448037159348		Hitech-menor/_Maid/electronics
0.1666668898989033	0.16666652752495056	0.16666667800566498	0.16666643899502223	0.16666649875606504	0.16666696681939394		Hitech-menor/_Maid/electronics
0.16666428170723202	0.16666447838975287	0.16666606186129423	0.16666594888700256	0.1666664659112727	0.16667276324344565		Hitech-menor/_Maid/electronics
0.16666547862524791	0.16666631835202916	0.1666678309311298	0.16666720317478054	0.16666827915667273	0.1666648897601399		Hitech-menor/_Maid/electronics
0.1666654248691339	0.16666545755004575	0.1666658473720833	0.1666656601545597	0.1666657560668471	0.1666718539873303		Hitech-menor/_Maid/electronics
0.16666643227092187	0.16666757302596366	0.1666661512542015	0.16666629253634654	0.16666682381441475	0.16666672709815167		Hitech-menor/_Maid/electronics
0.16666662784832945	0.16666618157765778	0.16666647475530083	0.1666658387453881	0.16666618992560242	0.16666868714772146		Hitech-menor/_Maid/electronics
0.1666668025150581	0.16666600399885015	0.16666705230102913	0.16666644247537202	0.16666698152232945	0.16666671718736112		Hitech-menor/_Maid/electronics
0.16666642983779262	0.1666668064415179	0.16666613047438558	0.16666635653358233	0.16666814543009578	0.16666613128262586		Hitech-menor/_Maid/electronics
0.16666715974458923	0.16666746295937668	0.16666722664741956	0.16666650235861338	0.16666626593996678	0.16666538235003434		Hitech-menor/_Maid/electronics
0.16666690959231667	0.16666679924112146	0.16666666385072318	0.1666663920709852	0.16666625661543735	0.1666669786294161		Hitech-menor/_Maid/electronics
0.16666757139894178	0.16666712806995446	0.16666714867529536	0.1666667421886556	0.1666667626928699	0.1666646469742829		Hitech-menor/_Maid/electronics
0.16666844422004629	0.16666743664287756	0.1666678551814319	0.1666667867795866	0.16666708974484107	0.1666623874312166		Hitech-menor/_Maid/electronics
0.1666661411528763	0.16666602053967738	0.16666673034746576	0.16666649729125066	0.16666681483889093	0.166667795829839		Hitech-menor/_Maid/electronics
0.16666674916650304	0.16666688804291235	0.16666652677294666	0.16666622111642088	0.16666585976257456	0.16666775513864251		Hitech-menor/_Maid/electronics
0.16666843547082646	0.16666705681658173	0.16666776061508687	0.16666681176040987	0.16666733077641172	0.16666260456068327		Hitech-menor/_Maid/electronics
0.16666720365625912	0.16666687654837273	0.16666688676023636	0.16666641926445444	0.16666639202431427	0.1666662217463631		Hitech-menor/_Maid/electronics
0.16666730480920391	0.16666698285385834	0.166666775406733	0.16666613958717982	0.1666659829968238	0.1666668143462012		Hitech-menor/_Maid/electronics
0.1666665396023964	0.16666653498651401	0.16666643159749375	0.1666664967945714	0.166666880585122	0.16666711643390242		Hitech-menor/_Maid/electronics
0.16666582803492963	0.1666658250204527	0.1666654082833289	0.16666664347360702	0.16666622664773548	0.1666700685399463		Hitech-menor/_Maid/electronics
0.1666668092723255	0.16666688303142815	0.16666670451493523	0.1666664925812089	0.16666648098635656	0.1666666296137456		Hitech-menor/_Maid/electronics
0.16666587565816157	0.1666660673036701	0.1666657470882238	0.16666658766284698	0.16666692684664153	0.16666879544045604		Hitech-menor/_Maid/electronics
0.1666679008175341	0.16666730475236022	0.16666739529308122	0.1666665158545211	0.16666660628033805	0.16666427700216527		Hitech-menor/_Maid/electronics
0.1666666812952589	0.16666646062963672	0.166666446125173	0.16666601048570284	0.1666666264907744	0.16666777497345409		Hitech-menor/_Maid/electronics
0.16666718340058134	0.16666652341393462	0.1666667214472981	0.16666617579603352	0.16666644866742084	0.16666694727473155		Hitech-menor/_Maid/electronics
0.1666676431037482	0.16666719006146985	0.16666693050850112	0.1666664397998275	0.16666643500737519	0.1666653615190781		Hitech-menor/_Maid/electronics
0.16666634505605718	0.16666734103176725	0.16666563344053573	0.166667624977305	0.16666634440107572	0.1666667110932591		Hitech-menor/_Maid/electronics
0.16666776247104131	0.16666695958381064	0.1666670422919569	0.16666612497916589	0.166666997531158	0.1666651131428673		Hitech-menor/_Maid/electronics
0.16666706090435768	0.16666746662819534	0.1666669022020212	0.16666662774750113	0.16666606323534072	0.16666587928258392		Hitech-menor/_Maid/electronics
0.16666649820607596	0.16666733037306328	0.1666661135662548	0.16666670527063696	0.16666661143968517	0.16666674114428387		Hitech-menor/_Maid/electronics
0.16666766167792227	0.166667021048687	0.16666700149274297	0.16666700874707358	0.16666697286439772	0.1666643341691765		Hitech-menor/_Maid/electronics
0.1666675467282111	0.1666662498204061	0.16666613658322288	0.1666668086907158	0.16666669537918954	0.16666656279825456		Hitech-menor/_Maid/electronics
0.16666786234436815	0.1666676785279972	0.16666745300310748	0.16666702192722954	0.16666679629422387	0.16666318790307375		Hitech-menor/_Maid/electronics
0.16666639871795352	0.16666601872192435	0.16666543022283406	0.16666539398374286	0.16666522227346517	0.1666715360800801		Hitech-menor/_Maid/electronics
0.16666065883368267	0.16666023589922627	0.1666607900330083	0.16666284876830142	0.16666389509997964	0.16669157136580173		Hitech-menor/_Maid/electronics
0.16659446502374164	0.1665953951330897	0.1666279698581306	0.16664930646935008	0.1666527265727889	0.16688013694289905		Hitech-menor/_Maid/electronics
0.16666655876283515	0.16666668040564117	0.16666634907742142	0.1666662107779153	0.16666745153468546	0.1666667494415015		Hitech-menor/_Maid/electronics
0.16666802340505912	0.16666838597758776	0.16666848737078374	0.16666744341709494	0.1666672381593005	0.16666042167017395		Hitech-menor/_Maid/electronics
0.1666686379442733	0.1666677328502211	0.166668541780829	0.16666650994661975	0.16666707870309236	0.16666149877496444		Hitech-menor/_Maid/electronics
0.1666669888752327	0.16666733547009516	0.16666717808138423	0.1666660927935658	0.16666639775541237	0.1666660070243097		Hitech-menor/_Maid/electronics
0.16666775878964646	0.1666673749792509	0.16666746255920759	0.16666671156984472	0.16666679905226295	0.1666638930497874		Hitech-menor/_Maid/electronics
0.1666681863694125	0.16666679912080426	0.16666791248417556	0.16666631486187608	0.16666720171018817	0.16666358545354343		Hitech-menor/_Maid/electronics
0.16666730396033647	0.1666672188853447	0.16666711450639476	0.1666667945868694	0.16666669015995458	0.16666487790110007		Hitech-menor/_Maid/electronics
0.16666763177940744	0.16666749917698148	0.16666733648650442	0.16666683784412784	0.166666675079469	0.16666401963350982		Hitech-menor/_Maid/electronics
0.16666671172283376	0.16666691665824843	0.16666668443099733	0.16666643148820667	0.16666596045232274	0.1666672952473911		Hitech-menor/_Maid/electronics
0.16666751758431728	0.16666721082698394	0.166667538735804	0.16666685817027682	0.16666664701858241	0.16666422766403555		Hitech-menor/_Maid/electronics
0.1666673626663781	0.1666672374080937	0.16666708372815614	0.16666661270273572	0.1666664589526404	0.1666652445419959		Hitech-menor/_Maid/electronics
0.16666699782662558	0.16666690191901495	0.16666678424948989	0.16666654246785334	0.1666675738340605	0.16666519970295576		Hitech-menor/_Maid/electronics
0.16666591728684835	0.16666608208048359	0.16666553316402086	0.1666662841343164	0.1666660555121639	0.1666701278221669		Hitech-menor/_Maid/electronics
0.1666660216347879	0.1666661768978786	0.16666563907954465	0.16666635022726775	0.1666661229818414	0.1666696891786797		Hitech-menor/_Maid/electronics
0.1666654218790362	0.1666662296761308	0.16666519167647245	0.16666548875870907	0.16666454130552286	0.16667312670412865		Hitech-menor/_Maid/electronics
0.16666380762469762	0.16666485499811765	0.1666638655981555	0.166664798778407	0.16666497236209007	0.1666777006385321		Hitech-menor/_Maid/electronics
0.1666668050051195	0.16666695553417107	0.1666664592279735	0.16666585622589308	0.16666568474557278	0.16666823926127008		Hitech-menor/_Maid/electronics
0.16666740432227803	0.16666708102500213	0.16666677966380733	0.1666662369465044	0.16666621493927117	0.16666628310313686		Hitech-menor/_Maid/electronics
0.16666714975720745	0.16666716145839963	0.16666699567138282	0.16666675822167376	0.16666673619512742	0.16666519869620888		Hitech-menor/_Maid/electronics
0.16666692483118276	0.16666629117717657	0.16666672957063286	0.16666641503581214	0.16666660498554417	0.16666703439965153		Hitech-menor/_Maid/electronics
0.16666754095059666	0.16666775775202217	0.16666716843834195	0.16666692344468115	0.1666663340743555	0.16666427534000255		Hitech-menor/_Maid/electronics
0.16666686581710724	0.1666673880848008	0.166666908803621	0.1666667027561905	0.16666609894475468	0.1666660355935258		Hitech-menor/_Maid/electronics
0.1666689216322425	0.1666665656541979	0.16666664981084392	0.1666660772949218	0.16666635769276036	0.16666542791503353		Hitech-menor/_Maid/electronics
0.16666722596582625	0.16666716453713323	0.1666670891699204	0.16666685817062132	0.16666678276864194	0.16666487938785687		Hitech-menor/_Maid/electronics
0.1666668803430143	0.1666667933995676	0.16666668672820392	0.16666635978249628	0.16666650384073847	0.16666677590597936		Hitech-menor/_Maid/electronics
0.16666502653230902	0.16666662114230957	0.1666651142485714	0.1666664505466449	0.16666593490119092	0.16667085262897416		Hitech-menor/_Maid/electronics
0.16666776402361655	0.16666737931059014	0.16666729535023342	0.16666671250788867	0.16666690498879191	0.1666639438188793		Hitech-menor/_Maid/electronics
0.16666708289210652	0.16666699011314376	0.1666668762821664	0.16666652739245463	0.16666641350923456	0.16666610981089416		Hitech-menor/_Maid/electronics
0.16666674043529656	0.16666671447397688	0.16666680808590364	0.16666658637231763	0.16666690665336772	0.16666624397913757		Hitech-menor/_Maid/electronics
0.16666295999510175	0.1666644374542509	0.16666553286696267	0.16666611767228948	0.16666691113324006	0.16667404087815516		Hitech-menor/_Maid/electronics
0.16666705609444565	0.16666680408553064	0.16666638957997368	0.1666659907193194	0.16666632148742047	0.16666743803331016		Hitech-menor/_Maid/electronics
0.16666476180292034	0.16666501669401654	0.16666596112353504	0.166666884134139	0.16666696785030366	0.1666704083950854		Hitech-menor/_Maid/electronics
0.16666623533573827	0.1666661193956785	0.16666679523889266	0.16666676821873758	0.16666679320260322	0.16666728860834973		Hitech-menor/_Maid/electronics
0.16666822213597016	0.16666642653207492	0.1666669788598689	0.1666667328880667	0.1666672850053123	0.166664354578707		Hitech-menor/_Maid/electronics
0.16666791283896798	0.16666604699843524	0.16666596917059934	0.16666633068191591	0.16666684401228413	0.1666668962977974		Hitech-menor/_Maid/electronics
0.1666663096391799	0.16666671487362836	0.16666604684951844	0.1666667820583185	0.16666622929781194	0.16666791728154293		Hitech-menor/_Maid/electronics
0.1666678741227508	0.16666692727509425	0.1666669664856114	0.16666643939183962	0.1666668159499679	0.16666497677473605		Hitech-menor/_Maid/electronics
0.16666669861522873	0.16666573892239783	0.16666846702397897	0.16666663881215127	0.16666766993139254	0.16666478669485063		Hitech-menor/_Maid/electronics
0.16666776057483698	0.16666719327296042	0.16666729299805996	0.16666614613403746	0.16666667445980654	0.16666493256029857		Hitech-menor/_Maid/electronics
0.1666671786066375	0.1666676994900674	0.16666691528414126	0.16666650874284453	0.16666717385349467	0.16666452402281462		Hitech-menor/_Maid/electronics
0.1666673211035908	0.16666695025987457	0.16666698020698895	0.16666640455707102	0.16666680766095449	0.1666655362115202		Hitech-menor/_Maid/electronics
0.16666680498367129	0.16666698963419121	0.16666681944310904	0.16666682058690155	0.1666666502920028	0.1666659150601241		Hitech-menor/_Maid/electronics
0.16666628063562147	0.16666622911070228	0.16666604466158927	0.1666664673483755	0.1666673893652754	0.16666758887843613		Hitech-menor/_Maid/health
0.1666646519506214	0.16666475259874042	0.16666574503064424	0.16666548154568855	0.166666315602555	0.16667305327175036		Hitech-menor/_Maid/health
0.16666670682882606	0.16666643462591338	0.16666646682516584	0.16666601080649615	0.16666642049675115	0.16666796041684745		Hitech-menor/_Maid/health
0.16666722616138102	0.1666669821596591	0.16666688792038675	0.1666662246501526	0.1666663836001262	0.16666629550829434		Hitech-menor/_Maid/health
0.16666659922406585	0.16666666557270288	0.1666665433928955	0.16666654599429004	0.16666699690318873	0.166666648912857		Hitech-menor/_Maid/health
0.16666740660133028	0.16666748892841993	0.16666712446989018	0.16666706605322285	0.1666667015375501	0.1666642124095867		Hitech-menor/_Maid/health
0.16666807658837188	0.166666852556887	0.16666766876332947	0.1666663662918479	0.16666742247526778	0.16666361332429594		Hitech-menor/_Maid/health
0.1666673773695038	0.16666754704122305	0.16666697379379153	0.1666668320963156	0.16666658264546785	0.16666468705369816		Hitech-menor/_Maid/health
0.1666666314870635	0.16666647811881516	0.16666659634889225	0.16666658129097134	0.16666736320470382	0.16666634954955395		Hitech-menor/_Maid/health
0.16666477658394016	0.1666663227352477	0.16666541062975943	0.16666674871242426	0.16666620802981405	0.16667053330881446		Hitech-menor/_Maid/health
0.16666728703836645	0.16666729679073766	0.16666714917975284	0.16666669675544724	0.16666654907702064	0.16666502115867513		Hitech-menor/_Maid/health
0.16666743497499178	0.16666647342379995	0.1666663299518081	0.1666663287131763	0.16666618516577444	0.16666724777044942		Hitech-menor/_Maid/health
0.16666695513457347	0.16666739292059948	0.16666688017003942	0.16666647745636828	0.16666699181716177	0.16666530250125752		Hitech-menor/_Maid/health
0.16666713153049117	0.1666669548095813	0.16666641217568426	0.1666662130699584	0.166667555280211	0.16666573313407385		Hitech-menor/_Maid/health
0.166666916276745	0.1666671057673169	0.16666678867715276	0.1666668199753595	0.1666665028741042	0.16666586642932169		Hitech-menor/_Maid/health
0.16666684611806368	0.16666675972510445	0.1666666537291357	0.16666694233852186	0.16666696892371446	0.16666582916545988		Hitech-menor/_Maid/health
0.16666701472525464	0.1666669454624952	0.1666667809241105	0.16666666565113247	0.1666666307041833	0.16666596253282387		Hitech-menor/_Maid/health
0.16666568168620105	0.16666537805321652	0.16666700511458363	0.16666710658376563	0.16666773719184372	0.16666709137038946		Hitech-menor/_Maid/health
0.16666721576426877	0.16666709730330695	0.16666663473444882	0.16666693554980896	0.16666630664498247	0.166665810003184		Hitech-menor/_Maid/health
0.16666703157031781	0.16666696089643315	0.1666667937195819	0.16666674037397874	0.1666667042644754	0.166665769175213		Hitech-menor/_Maid/health
0.1666670108673809	0.1666669458347095	0.16666686604575998	0.16666662149394174	0.1666665416682074	0.16666601409000045		Hitech-menor/_Maid/health
0.16666651079317552	0.16666758572941684	0.16666652262121331	0.1666670645390263	0.16666630908784308	0.16666600722932493		Hitech-menor/_Maid/health
0.16666703533646363	0.1666669522228603	0.1666668502503447	0.1666665377064726	0.16666643568708298	0.16666618879677583		Hitech-menor/_Maid/health
0.1666675262306596	0.1666673908298222	0.1666672247059701	0.1666669583356759	0.16666679213058977	0.16666410776728235		Hitech-menor/_Maid/health
0.16666654130229322	0.16666644486500376	0.1666665068243012	0.16666588752612838	0.1666659494046525	0.16666867007762098		Hitech-menor/_Maid/health
0.16666670159270036	0.16666648700805428	0.16666598616281728	0.16666624917337644	0.1666663225090178	0.16666825355403384		Hitech-menor/_Maid/health
0.16666661682310385	0.16666791594153454	0.16666630340398939	0.16666649401278888	0.1666656013975615	0.16666706842102183		Hitech-menor/_Maid/health
0.16666786205161713	0.1666675905106623	0.16666727393772732	0.16666635770580696	0.16666641934531884	0.16666449644886744		Hitech-menor/_Maid/health
0.1666671073002553	0.16666685117026184	0.1666667203057232	0.16666641884295558	0.16666628791627958	0.16666661446452447		Hitech-menor/_Maid/health
0.16666692399741218	0.16666680972812184	0.1666666695306035	0.1666669987790319	0.1666668585004311	0.16666573946439947		Hitech-menor/_Maid/health
0.16666654895394598	0.16666650967109	0.16666646147471278	0.16666631375346685	0.16666626553477698	0.16666790061200745		Hitech-menor/_Maid/health
0.16666618883234996	0.16666606383521038	0.16666651312220762	0.16666695556353733	0.16666700870663703	0.16666726994005768		Hitech-menor/_Maid/health
0.16666538401815842	0.16666563301239948	0.1666658821834523	0.1666664658901979	0.1666662632864999	0.166670371609292		Hitech-menor/_Maid/health
0.16666590894869382	0.16666630968506319	0.16666664582055346	0.1666666028952431	0.16666685022918373	0.16666768242126265		Hitech-menor/_Maid/health
0.16666690361328404	0.1666667414485383	0.1666665424880243	0.1666665402122028	0.16666684301462023	0.1666664292233303		Hitech-menor/_Maid/health
0.16666569709278517	0.16666558156913966	0.16666723288302646	0.166667200210601	0.16666705836019258	0.1666672298842551		Hitech-menor/_Maid/health
0.16666551430575618	0.16666615182527528	0.1666653433733053	0.16666718802445332	0.16666690575825008	0.1666688967129598		Hitech-menor/_Maid/health
0.16666767339808325	0.16666755594173083	0.16666710864152892	0.1666668618712875	0.16666671770011027	0.16666408244725917		Hitech-menor/_Maid/health
0.166666547116355	0.1666670308791783	0.16666678784647798	0.1666668040124322	0.1666665925619142	0.16666623758364235		Hitech-menor/_Maid/health
0.16666632977699417	0.16666667248223851	0.1666661520670082	0.16666671804364422	0.1666665989479305	0.1666675286821844		Hitech-menor/_Maid/health
0.1666672482483248	0.16666681278780657	0.16666695867528522	0.16666674732785994	0.1666665877096544	0.16666564525106914		Hitech-menor/_Maid/health
0.16666814642192965	0.16666658715229324	0.16666799853708134	0.16666675932888877	0.16666733283363802	0.16666317572616898		Hitech-menor/_Maid/health
0.16666715269652688	0.16666705779782168	0.16666694136612567	0.1666665845052909	0.16666646802017718	0.16666579561405767		Hitech-menor/_Maid/health
0.16666758191297595	0.1666671494714613	0.16666740216553189	0.16666709863672843	0.1666669995599946	0.16666376825330786		Hitech-menor/_Maid/health
0.16666704844168492	0.16666704224790835	0.1666666635761611	0.1666662427761724	0.16666630138010718	0.16666670157796598		Hitech-menor/_Maid/health
0.16666569940232256	0.16666565364799346	0.16666697512789264	0.16666618327561603	0.16666641360170567	0.1666690749444696		Hitech-menor/_Maid/health
0.16666793049160852	0.16666776501306602	0.166667561986854	0.16666693971719082	0.1666667365989048	0.1666630661923758		Hitech-menor/_Maid/health
0.16666467885196423	0.16666480539763	0.16666562715775843	0.16666688965922052	0.1666663568669576	0.16667164206646912		Hitech-menor/_Maid/health
0.1666670515838179	0.16666680689753188	0.16666725309479347	0.16666672714572384	0.16666660207961354	0.16666555919851936		Hitech-menor/_Maid/health
0.16666602585496298	0.16666639314613607	0.16666627705749493	0.166665995902038	0.16666605477200372	0.1666692532673643		Hitech-menor/_Maid/health
0.16666739512063772	0.16666737689407507	0.16666718394336297	0.1666665925546436	0.16666639951630824	0.1666650519709724		Hitech-menor/_Maid/health
0.16666762261266738	0.16666677823088005	0.16666729580885892	0.16666604639216817	0.16666758332982964	0.1666646736255958		Hitech-menor/_Maid/health
0.16666773601629617	0.16666676691634613	0.16666721280664692	0.16666591339285133	0.1666666142036939	0.1666657566641655		Hitech-menor/_Maid/health
0.1666678894327984	0.16666695995048972	0.1666673029350555	0.16666597728187812	0.16666655153203835	0.16666531886773991		Hitech-menor/_Maid/health
0.1666680490752906	0.16666783254859424	0.16666741940205718	0.16666659485857843	0.16666740825249057	0.16666269586298904		Hitech-menor/_Maid/health
0.16666779917028765	0.16666757543632976	0.16666732894567612	0.16666698433795876	0.16666673772633367	0.1666635743834141		Hitech-menor/_Maid/health
0.166666512620117	0.16666669350147326	0.16666615631794832	0.16666661128877056	0.1666665512099511	0.1666674750617397		Hitech-menor/_Maid/health
0.16666791953059698	0.16666776462302932	0.16666757456635042	0.16666725563673643	0.16666706548762586	0.16666242015566105		Hitech-menor/_Maid/health
0.16666747153417366	0.166667286564697	0.16666702402231123	0.166666393429372	0.16666642090977585	0.16666540353967027		Hitech-menor/_Maid/health
0.16666736797384019	0.1666673044819578	0.16666691899308103	0.1666673610819763	0.16666712082473706	0.1666639266444076		Hitech-menor/_Maid/health
0.16666779851335112	0.16666757664397902	0.1666675669886185	0.16666694153167702	0.16666673737302132	0.16666337894935312		Hitech-menor/_Maid/health
0.166666107252483	0.16666599943902477	0.16666594929693448	0.16666644729305843	0.16666688983569156	0.16666860688280768		Hitech-menor/_Maid/health
0.16666815329248053	0.16666783857786352	0.16666763603444665	0.16666678318493675	0.16666688960736606	0.1666626993029065		Hitech-menor/_Maid/health
0.16666624606123345	0.16666620217031	0.16666596289782348	0.16666658956785008	0.16666635015495843	0.16666864914782456		Hitech-menor/_Maid/health
0.16666649874345635	0.1666667874402855	0.16666687950583925	0.16666672644883482	0.16666698059133528	0.16666612727024882		Hitech-menor/_Maid/health
0.1666676967678654	0.16666744468058906	0.16666719722543058	0.16666652130692303	0.16666705270201004	0.16666408731718194		Hitech-menor/_Maid/health
0.16666667048477185	0.1666664829173174	0.16666692751938583	0.1666664849526431	0.16666652726939343	0.16666690685648836		Hitech-menor/_Maid/health
0.16666526117482192	0.16666640288091067	0.16666593798024207	0.16666631065874624	0.16666584571123433	0.16667024159404475		Hitech-menor/_Maid/health
0.1666659431543901	0.16666525459055417	0.16666760167929176	0.16666680572990955	0.1666674576047016	0.1666669372411528		Hitech-menor/_Maid/health
0.16666549472444037	0.1666648595086064	0.16666596585132065	0.16666577264215232	0.16666594665974555	0.16667196061373468		Hitech-menor/_Maid/health
