1.0233198474628006E-9	0.9999999974175577	5.337212924395748E-10	1.0254011935060804E-9		NewYorkTimes_Maid/china
0.26525220948809247	0.23334647574622658	0.2362617690635021	0.2651395457021789		NewYorkTimes_Maid/china
4.466792336238891E-11	2.252915876884556E-11	0.9999999998882376	4.4565326477878E-11		NewYorkTimes_Maid/egypt
0.26148789445019066	0.23640157028425407	0.2407530648397523	0.26135747042580293		NewYorkTimes_Maid/egypt
0.27206554279229683	0.22954717880546233	0.22638281283441392	0.2720044655678269		NewYorkTimes_Maid/facebook
0.2814309425868693	0.21759218740400937	0.21960171049387708	0.2813751595152442		NewYorkTimes_Maid/facebook
0.28395870358056374	0.2252100991912537	0.20556032764966975	0.2852708695785127		NewYorkTimes_Maid/globamwarm
0.27265921797636145	0.22877449356722793	0.22583469112588953	0.2727315973305211		NewYorkTimes_Maid/globamwarm
0.2671180362586472	0.23495246642319648	0.23079792882742972	0.2671315684907266		NewYorkTimes_Maid/google
0.266239225049544	0.2367862561245791	0.2307841245838075	0.2661903942420694		NewYorkTimes_Maid/google
4.466792336238891E-11	2.252915876884556E-11	0.9999999998882376	4.4565326477878E-11		NewYorkTimes_Maid/libya
0.2741231384424724	0.2154734684222008	0.23671818046308377	0.27368521267224305		NewYorkTimes_Maid/libya
0.27415360947907635	0.2265967181652447	0.22507137229676846	0.27417830005891053		NewYorkTimes_Maid/obama
0.2701539069707831	0.23461559590485348	0.22519122462544994	0.27003927249891346		NewYorkTimes_Maid/obama
0.2644526031707712	0.23512790889972365	0.2360602070366978	0.2643592808928073		NewYorkTimes_Maid/pakistan
0.28275922246774626	0.213484937729528	0.22122770943925124	0.28252813036347457		NewYorkTimes_Maid/pakistan
0.26794717302467047	0.231822754584516	0.23239707574004229	0.2678329966507712		NewYorkTimes_Maid/wikileaks
0.27336823586940007	0.22177179491987084	0.23178132822019032	0.2730786409905387		NewYorkTimes_Maid/wikileaks
