0.9792076610348581	0.010582949038533742	0.010209389926608019		0.00
0.3034270007549639	0.2977077434021712	0.3988652558428649		0.00
0.3160886445437766	0.39428458988907256	0.28962676556715095		0.00
0.9588414172173405	0.02259855685600886	0.018560025926650636		0.00
8.13345199321202E-6	0.9999859040301019	5.962517904896957E-6		0.00
0.33439769769363614	0.33393792516946663	0.3316643771368972		0.00
0.3345505963960003	0.3312053316396473	0.3342440719643524		0.00
0.3343233554644922	0.3329797978152009	0.332696846720307		0.00
0.6211828826594725	0.19196297768065704	0.18685413965987055		0.00
0.38771904883795993	0.307806590323495	0.304474360838545		0.00
0.33451679877065926	0.33502958602270116	0.33045361520663946		0.00
0.3338008361961049	0.3354316291344751	0.33076753466941994		0.00
0.33586616755426596	0.33064250594586286	0.33349132649987123		0.00
0.25781480917002825	0.2563835596685265	0.4858016311614451		0.05
0.3325731744296193	0.32840809953176237	0.33901872603861827		0.00
0.3292633725768656	0.3279453351182616	0.3427912923048727		0.00
0.3319629728857231	0.33687330141471694	0.33116372569956004		0.00
0.3357467468608997	0.33196792481115817	0.3322853283279421		0.00
0.3354698671965224	0.3311793671400881	0.3333507656633895		0.00
0.2619028908191645	0.49803170400703134	0.2400654051738042		0.00
0.32695564320165266	0.32314150060062624	0.34990285619772105		0.00
0.25813495235463046	0.25471724370057597	0.4871478039447936		1.00
0.3365607024084588	0.3322072202539775	0.3312320773375637		0.00
0.33342531367675265	0.33314864167442665	0.33342604464882064		0.00
0.32894286685965446	0.32464939215725264	0.34640774098309296		0.00
0.3323507178758468	0.33227419679903114	0.3353750853251221		0.00
0.0697852903423693	0.8634981541171194	0.06671655554051135		0.00
0.3290786900333781	0.33637513126387975	0.3345461787027423		0.00
0.26481564088495463	0.26297634973004336	0.472208009385002		0.00
0.33337733725219193	0.3326293833381646	0.3339932794096436		0.00
1.0208278973101186E-5	9.147898860917458E-6	0.9999806438221658		0.00
0.30111815879080633	0.2795388965635682	0.41934294464562555		0.00
0.3050759126193389	0.28214142659955815	0.41278266078110293		0.00
0.37560566403341566	0.31180659446706566	0.31258774149951857		0.00
0.34566756675448845	0.3316227647048135	0.322709668540698		0.00
0.5001826975128228	0.25535851578232255	0.2444587867048546		0.00
0.15472290193578486	0.7051643458724178	0.14011275219179717		0.00
0.33310668067549803	0.3330876591076255	0.33380566021687635		0.00
0.3281571333144889	0.3203542137401926	0.3514886529453185		0.00
0.05838682072675209	0.056430407945533924	0.8851827713277141		0.00
0.323704581430413	0.3149551302878625	0.3613402882817246		0.00
0.22591437037782744	0.5645872792863781	0.20949835033579442		0.00
0.5256671412212338	0.23924260959518925	0.23509024918357693		0.00
0.49094301700875614	0.25490786807678234	0.25414911491446146		0.00
0.32853787662848594	0.3496146533708641	0.32184747000065		0.00
0.32701032755653087	0.3126964577826127	0.36029321466085645		0.00
0.32925257114180806	0.32012798469288545	0.3506194441653065		0.00
0.33242220932120786	0.33389864213886633	0.33367914853992586		0.00
0.37667890465137654	0.31132716242652925	0.31199393292209426		0.00
0.513130588229703	0.24975249801178748	0.23711691375850938		0.00
0.37090183518620035	0.3171618218651782	0.31193634294862144		0.00
