2.0060104277228604E-5	6.162008703862643E-6	0.9999365987408351	1.5414693564814008E-6	6.163353241884918E-6	3.855705373221214E-7	3.855217059039822E-7	3.854995647523702E-7	1.5415931686390302E-6	1.5414175763240009E-6	1.8686060840407192E-5	3.857004681078546E-7	6.162959723905028E-6		IAArticles_Maid/clu
0.2501631043048175	0.06817474510656861	0.2414036183810019	0.017044312360854165	0.06817833372413493	0.004260800213554468	0.004261475977926448	0.004260062430724244	0.01704438708604294	0.017044662607389172	0.23572185783525343	0.004260447609649585	0.0681821923620827		IAArticles_Maid/clu
0.9999400056888186	6.550243858117139E-6	1.770692602039853E-5	1.6385912032420693E-6	6.550632357602021E-6	4.0988092491207235E-7	4.0979282602392376E-7	4.098217416965392E-7	1.6388073006399805E-6	1.6385535873666496E-6	1.607851768072567E-5	4.1005382735133255E-7	6.552489853247237E-6		IAArticles_Maid/clu
0.24412550765373922	0.07066117772312348	0.2441749192301678	0.017668213031546084	0.07067041221462068	0.004419921274202842	0.004420144473724756	0.004420955441071073	0.01767119148305146	0.017669340559321785	0.22901727793957596	0.004419957724814023	0.07066098125104074		IAArticles_Maid/clu
0.24574033006102372	0.06779482038384153	0.2436144611869906	0.016951305729395034	0.06780860124210317	0.004238289044651127	0.004238269751576119	0.004238341867965895	0.016957437069068233	0.016954437344485138	0.2394149921642095	0.004238522221300949	0.06781019193338898		IAArticles_Maid/clu
0.24447222645037653	0.07063935193411959	0.2391433979854209	0.01766306039146601	0.07065065182525453	0.004415280784055258	0.004415408866870319	0.004414344617386027	0.017663998005615862	0.01766462965047697	0.23378243831103176	0.004415549522813995	0.07065966165511219		IAArticles_Maid/clu
0.24456507933443974	0.06940976087237982	0.23946019737151095	0.01735194482641083	0.06942308318772497	0.004338482083526232	0.004338369415982353	0.0043377885752207395	0.017357611012767383	0.017354686920391296	0.23829585087000849	0.004338277256104344	0.06942886827353287		IAArticles_Maid/clu
0.24413130746032327	0.07012563000793483	0.23948473549258759	0.017535421755157765	0.07013298502322207	0.004384236564079818	0.004383988445590983	0.0043845420108936635	0.01753733327242177	0.01753646742646447	0.23583915780872933	0.004384085593968009	0.0701401091386265		IAArticles_Maid/clu
0.24686645194826656	0.07022896983596828	0.2403213958159244	0.017567547487528413	0.07024025493345022	0.004394096826716955	0.004393370778648818	0.004396718193302972	0.01757104074029091	0.017570474331020415	0.2318442643507383	0.004394985365541869	0.0702104293926018		IAArticles_Maid/clu
0.24378845701316731	0.0721021526355779	0.24003304898652164	0.018039680986825103	0.07211803549429464	0.004512022292805362	0.004512453405675589	0.004518089260567525	0.018045927106125896	0.01804590510536207	0.22769489667033438	0.004513954955015268	0.07207537608772739		IAArticles_Maid/clu
0.24691529666822024	0.0652249881528912	0.24695563975176657	0.016306362121280255	0.06522753290715409	0.004076837562777237	0.00407676968771394	0.004077310800335304	0.016307641299598614	0.01630772112632538	0.24522126911611003	0.004076879388376728	0.06522575141745045		IAArticles_Maid/mtx
0.24619572436895823	0.06600087973607814	0.24718707772503393	0.01650472494698664	0.06599757680413997	0.004126215961430931	0.004125752240896784	0.004124741025141826	0.01650314738959984	0.016496017586502452	0.242627477895416	0.004124651988907422	0.06598601233090777		IAArticles_Maid/mtx
0.24344104621595292	0.0683209523144433	0.24543061453451667	0.017083944695219434	0.0683306936325074	0.004271625621134585	0.004271231672779128	0.004271733336364313	0.017086567834651116	0.017086287682788935	0.23781032106104008	0.004271759014389134	0.06832322238421303		IAArticles_Maid/mtx
0.247924402400743	0.06933447857242696	0.2395572790796981	0.017336114453855366	0.06934740122293372	0.004335568799984913	0.004334548717000647	0.0043343124099455175	0.017337578591879798	0.017335051472763433	0.23513625265058463	0.00433465888384975	0.06935235274433418		IAArticles_Maid/mtx
0.24781224990496853	0.06828571367483761	0.24339915980442153	0.017078323424242182	0.0683041118464436	0.0042685662231973275	0.00426876302285479	0.004268344781104016	0.017078121082443845	0.017075390180064345	0.23558717084753208	0.004271184500772012	0.06830290070711809		IAArticles_Maid/mtx
0.2460228095306256	0.06936463767651822	0.2408058041041319	0.017344388491680855	0.0693724250193947	0.004336495325607777	0.004336376958982706	0.004336894930560621	0.01734744246494579	0.017345334702336995	0.2356767084950552	0.004336578001342914	0.06937410429881675		IAArticles_Maid/mtx
0.24396334235127087	0.06776758721815901	0.24395507146397463	0.016943877787981215	0.06777252494192727	0.0042359621573150544	0.00423640573173334	0.004236691868707761	0.01694453724867663	0.016942979658001324	0.24099672660337135	0.004235599716605096	0.06776869325227641		IAArticles_Maid/mtx
2.1532942937301817E-7	7.460081951656279E-8	2.124845734013886E-7	1.8633116219463364E-8	7.461200854522147E-8	4.651583987859251E-9	4.653927251977832E-9	4.6455809682920035E-9	1.8630129252388902E-8	1.8632672579966126E-8	0.9999992738737461	4.650225766196909E-9	7.460218711455113E-8		IAArticles_Maid/mtx
0.2459244641237164	0.0677482847782789	0.24377599648439835	0.016937723269485432	0.06775867176007176	0.004234825680671986	0.00423445054503763	0.00423555617243472	0.016944425731436754	0.01694066237725426	0.2392788194830811	0.0042345569764855465	0.06775156261764696		IAArticles_Maid/mtx
0.242355666101722	0.07133863121366373	0.23908830736905282	0.0178249445287936	0.07130939659020596	0.0044587375806749	0.004457649607058799	0.0044597089959584404	0.01782892022830797	0.017827742435447748	0.2332828302398411	0.00445862840162595	0.07130883670764705		IAArticles_Maid/mtx
0.2405510634569268	0.07023857347830809	0.23906040719585941	0.017558777196425377	0.07034916027962701	0.004388494821826654	0.004393805505734228	0.0043875898287747805	0.01757331119757649	0.01757541487994606	0.23928384155050905	0.0043890478618059964	0.07025051274668005		IAArticles_Maid/ont
0.24142754533957106	0.07125959772527736	0.23982840337256447	0.0178096896302831	0.07125196099639727	0.0044526562556807025	0.0044563602009198774	0.004453609117828874	0.01781003172731484	0.01780693994106826	0.23374259013411933	0.004452962038174156	0.07124765352080076		IAArticles_Maid/ont
0.23416345755679102	0.07442879205761403	0.23210926440027205	0.018608453921985027	0.07459670327903048	0.004646985191689273	0.004657272241880569	0.004643597493032067	0.018621039827895706	0.018627889724505176	0.2358176348723138	0.0046470563528978395	0.0744318530800929		IAArticles_Maid/ont
0.24524586103075877	0.06644714186224683	0.24431999626691234	0.016614916951932533	0.06646338442827955	0.00415401171932651	0.004153806554351417	0.004153054865853932	0.016616429518200953	0.0166150076824451	0.24461208436936555	0.004153252964956181	0.06645105178537039		IAArticles_Maid/ont
0.23465720335076184	0.07606620803542963	0.22890969118199028	0.018966037772596252	0.07596335514429385	0.004731839187558654	0.004731871539507348	0.004725480934463314	0.018958884266377648	0.01896209401816387	0.23257097022516784	0.004731179995340144	0.07602518434834939		IAArticles_Maid/ont
0.24431952067533869	0.06873158257049161	0.2422071512401411	0.01717932633694674	0.06873110038551958	0.004294317069952207	0.00429284899281862	0.004291783432207294	0.017178937201929794	0.01717854655318753	0.23855653579302125	0.004294401428093395	0.0687439483203522		IAArticles_Maid/ont
0.24151147930957295	0.06982307284909302	0.2427682886077328	0.017456992245115367	0.06984058611812201	0.004363706227357623	0.004362808191999774	0.0043592162173151944	0.01745824412340705	0.017456245390639925	0.2364159975234906	0.004361229103333774	0.06982213409281998		IAArticles_Maid/ont
0.2366486646633676	0.07588774756595777	0.2312640291805216	0.018944586437188222	0.07584958873492702	0.004724716420475581	0.004725213055309361	0.004719413977982408	0.018925697743900762	0.018932653685310052	0.22871497390781098	0.004724994724032716	0.07593771990321592		IAArticles_Maid/ont
0.241111135128622	0.07086172226366688	0.24039812361764357	0.017720680195973736	0.07088319208672232	0.00443127171740926	0.004428329763093435	0.004427852516605099	0.01772391932382815	0.01771914427233716	0.23499929495489083	0.004430107265854971	0.07086522689335258		IAArticles_Maid/ont
0.24424127103886223	0.06862417088361329	0.24360899577651887	0.01716028623124727	0.06864393276986071	0.004291485484156472	0.00428901874484576	0.004289195374335667	0.01716391212333084	0.017161279413099556	0.23760652876293967	0.004290200335819193	0.06862972306137037		IAArticles_Maid/ont
0.24116612659539247	0.07139460039111287	0.24094498428143982	0.01784273300256031	0.0713398603034646	0.004461395306840508	0.0044612969414403085	0.004464742561258623	0.0178371958845567	0.017838275055028642	0.23244938619494154	0.0044615806229232145	0.07133782285904035		IAArticles_Maid/rif
0.2436637075288623	0.07152913205028386	0.23812581849388822	0.017893861703446767	0.07151800181937527	0.004470569807102345	0.004472086130399083	0.004476053142764038	0.017882088966015938	0.017880218505062242	0.23203483136515268	0.004472814607789236	0.07158081587985811		IAArticles_Maid/rif
0.24569995532480174	0.0671744787181834	0.24462337012935956	0.016795492664937912	0.06717931613125834	0.004199336825330355	0.004198396791394232	0.00419885630211222	0.016796395755409803	0.01679622571509077	0.24096269085007552	0.004199057877270905	0.06717642691477531		IAArticles_Maid/rif
0.24463260284510943	0.07117579647591536	0.24094588117833052	0.017793005124708806	0.07112464556163248	0.004448964722150452	0.004448299153333224	0.004450816427734426	0.01778503677769204	0.01778516518088886	0.22984425145709145	0.0044492568108595995	0.07111627828455336		IAArticles_Maid/rif
0.24120412148735615	0.0728220947219939	0.23810238016593993	0.018208454815504562	0.07278579774111908	0.004553953095443778	0.004551126680808076	0.004552498771574388	0.018198956018410234	0.018198395722046776	0.2294349132679036	0.0045503606823164506	0.0728369468295831		IAArticles_Maid/rif
0.23986633161176	0.07607169428665118	0.2333610303845211	0.01901306593788002	0.07592109169633754	0.004757182945063556	0.004758428554833369	0.004767393700209288	0.018987877275803575	0.01899042733849952	0.22277866850813738	0.00475760509077615	0.07596920266952724		IAArticles_Maid/rif
0.2442637539933213	0.07054464352401503	0.239470583121584	0.017646514586432082	0.07054815078998934	0.0044134862368445365	0.004412649149131322	0.004415317471373821	0.017648896747789036	0.017647459320653164	0.23402105434189094	0.0044138595674057994	0.07055363114956958		IAArticles_Maid/rif
0.24112770373463005	0.07291361742200668	0.23760681141762924	0.018226879261486712	0.07288665808421316	0.004559143234490043	0.004556207283063162	0.004563242381789731	0.018223573428548717	0.01823217214301588	0.2296290008704913	0.004558026323167433	0.07291696441546801		IAArticles_Maid/rif
0.24470936617948488	0.06823822576675845	0.2440199588117342	0.0170639445112527	0.06824630090165594	0.00426794763079196	0.004266879501813044	0.004267660841758259	0.01706680772507458	0.017066856250782525	0.23827396398596057	0.004267747404445314	0.06824434048848764		IAArticles_Maid/rif
0.24283124736411404	0.07231484269741195	0.23940506445892556	0.018089901223418837	0.07231630470149637	0.004526186578737553	0.004523658174802414	0.004526988378385522	0.018093436403122824	0.018097293546131318	0.22843062125932667	0.00452796171109899	0.0723164935030279		IAArticles_Maid/rif
