1.8005374283872797E-13	1.7944823026206975E-13	1.7988190264303565E-13	1.797813383079604E-13	1.8000058230201576E-13	1.7945459773337342E-13	9.093732573914083E-14	0.9999999999986502	1.8007592083731954E-13		NewYorkTimes_Maid/china
0.11422968077179486	0.11433241043551026	0.11426130638936426	0.1142378017476089	0.11425657932138468	0.11433554728640324	0.10085936975457242	0.09923341562013249	0.11425388867322883		NewYorkTimes_Maid/china
7.940624023037507E-15	7.969943850267307E-15	7.949670394711082E-15	7.951051404751961E-15	7.942916501094184E-15	7.969015480354434E-15	0.9999999999999403	3.833654925082933E-15	7.93968262785552E-15		NewYorkTimes_Maid/egypt
0.11347682951595828	0.11359067526530399	0.11351484004779576	0.1134975121423793	0.1135091562932904	0.11360363815094088	0.10373878390919808	0.10157207962486203	0.11349648505027132		NewYorkTimes_Maid/egypt
0.11555370802848784	0.11556282146360176	0.11552106661148137	0.11554093810643665	0.11552633520443216	0.11556753303402731	0.09514648265318665	0.09602503729747922	0.11555607760086699		NewYorkTimes_Maid/facebook
0.1172079966283057	0.11718410003745969	0.11721858981961021	0.11712509235716735	0.11718069159040437	0.11718404700414631	0.09050863638008314	0.08911077169673513	0.11728007448608811		NewYorkTimes_Maid/facebook
0.1180304872314263	0.11721047431184566	0.11789324898120157	0.1178314325675472	0.11800280045256584	0.11724000708817703	0.08423273645843112	0.09157630621062549	0.11798250669817978		NewYorkTimes_Maid/globamwarm
0.11566635380236304	0.11563731043503835	0.11567044664564732	0.11567591481298843	0.11569868230995715	0.11563526475696143	0.09479255736014791	0.09554414707940431	0.11567932279749203		NewYorkTimes_Maid/globamwarm
0.1146196130203464	0.11462658543524253	0.11462696087500117	0.11460169324680433	0.1146441461985662	0.11463390068497521	0.09810914439680726	0.0994847101594581	0.11465324598279884		NewYorkTimes_Maid/google
0.11443728919009903	0.11447626936623152	0.11442974671055774	0.11443458262705071	0.11444432088557387	0.1144842365539233	0.09831193586732319	0.10052268865442246	0.11445893014481817		NewYorkTimes_Maid/google
7.940624023037507E-15	7.969943850267307E-15	7.949670394711082E-15	7.951051404751961E-15	7.942916501094184E-15	7.969015480354434E-15	0.9999999999999403	3.833654925082933E-15	7.93968262785552E-15		NewYorkTimes_Maid/libya
0.1157927313547025	0.11609570865900393	0.11586876873387314	0.11588520644952947	0.11580334082500693	0.11608929019669305	0.0990463752712768	0.08966892286073298	0.11574965564918124		NewYorkTimes_Maid/libya
0.1159243524796847	0.11591183199753691	0.11588377393449305	0.11608199696621681	0.11588721538579448	0.1158911803026396	0.09419103985090967	0.09434323098888685	0.1158853780938379		NewYorkTimes_Maid/obama
0.11529613842332392	0.1152290764889413	0.11518309643713819	0.11512211573046822	0.11520116661370393	0.11522873773435646	0.09497736066568545	0.09849393591651484	0.11526837198986768		NewYorkTimes_Maid/obama
0.11401985423018014	0.1141248694149024	0.11407533930843333	0.1140506726964993	0.11405713639492525	0.1141302508915996	0.10109983563277772	0.1003949681387538	0.1140470732919285		NewYorkTimes_Maid/pakistan
0.11735495919080352	0.11753481755098086	0.1174610430923428	0.11744405934688891	0.11741151159497126	0.11752218403660446	0.09085038097297989	0.08708863575693948	0.11733240845748881		NewYorkTimes_Maid/pakistan
0.1147065235263157	0.11480436264143071	0.1147355309482665	0.11472345261731487	0.11473072462038271	0.11480739444218584	0.09868091307996238	0.09807522241731284	0.11473587570682839		NewYorkTimes_Maid/wikileaks
0.11569504130661444	0.11589232284535349	0.11572518755771831	0.11576640519995325	0.11570045707946729	0.11587148265239744	0.09717071547192725	0.09251159378994206	0.11566679409662643		NewYorkTimes_Maid/wikileaks
