0.9791907892831921	0.010591153022355604	0.010218057694452108		0.00
0.3034268824013834	0.2977078017940626	0.398865315804554		0.00
0.31608993431346966	0.3942839185386778	0.2896261471478525		0.00
0.9588682291670927	0.022583445704813816	0.01854832512809346		0.00
8.132825798655881E-6	0.9999859051372009	5.962037000384662E-6		0.00
0.33439772397265155	0.33393791841687653	0.33166435761047197		0.00
0.33455073907016053	0.3312052700160736	0.3342439909137659		0.00
0.3343231133491551	0.33297988143300844	0.3326970052178364		0.00
0.6211393630481533	0.19197936247901784	0.18688127447282893		0.00
0.38771214180202673	0.30781026284580276	0.30447759535217067		0.00
0.3345165589398587	0.33502965243670535	0.33045378862343594		0.00
0.33380103668970196	0.3354315341150636	0.33076742919523433		0.00
0.3358663385226345	0.33064242401995725	0.33349123745740833		0.00
0.25781479193404255	0.2563835694869706	0.48580163857898684		0.05
0.3325732070852742	0.32840808522698534	0.33901870768774045		0.00
0.32926339246292996	0.32794532864046555	0.3427912788966045		0.00
0.3319629499533251	0.33687331827741646	0.3311637317692584		0.00
0.3357463134337758	0.33196808548063345	0.3322856010855907		0.00
0.3354701085953273	0.3311792497069247	0.3333506416977481		0.00
0.2619029987213933	0.49803178029559425	0.24006522098301247		0.00
0.326955636514456	0.3231414529691276	0.34990291051641625		0.00
0.25813497508289657	0.2547172404742622	0.4871477844428412		1.00
0.3365612355794694	0.33220695083047425	0.3312318135900564		0.00
0.3334253080238247	0.33314864491001156	0.33342604706616374		0.00
0.328942665198135	0.32464943843735483	0.3464078963645102		0.00
0.33235071619964274	0.3322741977182077	0.33537508608214955		0.00
0.06978507067443508	0.8634986340077291	0.06671629531783582		0.00
0.32907922780600657	0.33637486314565346	0.3345459090483398		0.00
0.26481569856349635	0.26297629866748595	0.4722080027690176		0.00
0.3333775462260656	0.33262926971596174	0.3339931840579727		0.00
1.020823466909082E-5	9.147860372091657E-6	0.9999806439049588		0.00
0.30111803801498616	0.27953899492462314	0.41934296706039076		0.00
0.3050757285542294	0.28214152576487284	0.41278274568089784		0.00
0.3756050601225635	0.31180690696434027	0.3125880329130962		0.00
0.345666505365546	0.3316235099613758	0.32270998467307827		0.00
0.5002294598329874	0.2553360825887058	0.24443445757830665		0.00
0.15472291661540755	0.7051646032259952	0.14011248015859723		0.00
0.33310682655320667	0.33308758895823243	0.3338055844885608		0.00
0.32815708707030433	0.32035419029981327	0.35148872262988234		0.00
0.05838684595581284	0.05643044199895801	0.8851827120452291		0.00
0.3237041252527067	0.31495532360495326	0.3613405511423401		0.00
0.2259142093247194	0.5645876969885546	0.20949809368672595		0.00
0.5257001019556841	0.23922054399566436	0.23507935404865155		0.00
0.49092103885891614	0.2549194086118002	0.2541595525292837		0.00
0.3285382013081313	0.3496145138732008	0.32184728481866787		0.00
0.3270101412958422	0.3126965370565902	0.3602933216475677		0.00
0.3292523613030095	0.3201280970133923	0.3506195416835982		0.00
0.33242233627366274	0.33389858253382115	0.33367908119251616		0.00
0.37667635944271677	0.3113281107125229	0.3119955298447603		0.00
0.5131605352079155	0.249738872026228	0.23710059276585654		0.00
0.37090168368407234	0.31716195036178857	0.3119363659541391		0.00
