0.010691568279043193	0.010313498523550757	0.978994933197406		0.00
0.29770824091326364	0.3988664264086503	0.30342533267808613		0.00
0.39427091207582726	0.2896183886950717	0.316110699229101		0.00
0.022389408854387387	0.018394611719576237	0.9592159794260362		0.00
0.9999859099901713	5.959610287489191E-6	8.130399541209435E-6		0.00
0.3339373763898678	0.33166356197644525	0.3343990616336869		0.00
0.3312049394900873	0.3342436909851322	0.3345513695247805		0.00
0.332980437231096	0.33269804029103967	0.3343215224778645		0.00
0.19225529333442706	0.18713105422321663	0.6206136524423563		0.00
0.3078389566007088	0.3045058580404522	0.387655185358839		0.00
0.335030323160978	0.33045411124374646	0.3345155655952755		0.00
0.3354322657676456	0.33076798342567376	0.33379975080668056		0.00
0.33064249316208605	0.33349119446078906	0.33586631237712494		0.00
0.25638353025226035	0.48580340621291906	0.2578130635348206		0.05
0.32840699463487844	0.33901802892591315	0.3325749764392084		0.00
0.32794544714267615	0.3427914365006318	0.32926311635669203		0.00
0.3368733893575092	0.3311639569423005	0.3319626537001903		0.00
0.33197056830627614	0.3322869849440008	0.3357424467497231		0.00
0.33117794674373263	0.33334950240390565	0.3354725508523618		0.00
0.4980568935004688	0.24005843524813492	0.26188467125139625		0.00
0.32314203718059553	0.34990409331186595	0.32695386950753846		0.00
0.25471726030096375	0.487149349919796	0.25813338977924016		1.00
0.3322064843438825	0.3312316031912846	0.3365619124648329		0.00
0.3331487183390347	0.3334260614823823	0.33342522017858306		0.00
0.3246505324076677	0.3464092268838526	0.32894024070847966		0.00
0.3322742026372879	0.33537510354348776	0.33235069381922433		0.00
0.863463796795414	0.06673301500011385	0.06980318820447212		0.00
0.3363736571695804	0.3345450625656684	0.32908128026475114		0.00
0.2629760343852321	0.4722089955141292	0.2648149701006388		0.00
0.3326288053424618	0.33399277262138294	0.3333784220361552		0.00
9.14557365408534E-6	0.9999806490685346	1.0205357811405388E-5		0.00
0.27953973838564383	0.4193458119268148	0.3011144496875413		0.00
0.28214160454224113	0.4127844814746008	0.305073913983158		0.00
0.3118282657935234	0.3126091250544423	0.37556260915203427		0.00
0.3316289008869496	0.32271546371079846	0.3456556354022519		0.00
0.25514784154414305	0.24427174425587736	0.5005804141999796		0.00
0.7052137051585928	0.14008617422442954	0.1547001206169776		0.00
0.33308751863430114	0.3338054211158716	0.3331070602498273		0.00
0.3203552736534545	0.3514905499514643	0.3281541763950812		0.00
0.056429736562866394	0.8851852226986814	0.05838504073845226		0.00
0.3149570265454811	0.3613426293028395	0.3237003441516794		0.00
0.5645976004572781	0.209495471573781	0.22590692796894077		0.00
0.23904745497655788	0.23492493510751974	0.5260276099159223		0.00
0.2550102275291025	0.25424842816051635	0.4907413443103811		0.00
0.3496134514855724	0.321848235282183	0.32853831323224475		0.00
0.3126972601163733	0.3602953606973629	0.3270073791862638		0.00
0.3201290215147006	0.3506211528381394	0.32924982564715993		0.00
0.33389847268420314	0.33367885459896185	0.33242267271683495		0.00
0.3113460748048406	0.31201731469851346	0.37663661049664604		0.00
0.24953937501857318	0.23693592208101427	0.5135247029004125		0.00
0.3171751047751206	0.3119482933288739	0.3708766018960055		0.00
