0.9930851876507193	0.0022416359277976573	0.0021368177002634966	0.0025363587212193675		Opinosis_notClass/BASE_Maid
0.001103239643729924	9.703106170425443E-4	0.0011071466577890156	0.9968193030814386		Opinosis_notClass/BASE_Maid
0.2520937651482567	0.2678915365467456	0.23223292927798794	0.2477817690270097		Opinosis_notClass/BASE_Maid
0.25536144784252135	0.2588357671693824	0.23733778573361533	0.24846499925448093		Opinosis_notClass/BASE_Maid
4.654175956327258E-6	0.9999877010780506	3.295793933954717E-6	4.348952059142906E-6		Opinosis_notClass/BASE_Maid
0.2602801968010701	0.24578644176853998	0.23790074916918114	0.2560326122612087		Opinosis_notClass/BASE_Maid
0.26150297649669696	0.2418538194187121	0.23993195593346858	0.25671124815112234		Opinosis_notClass/BASE_Maid
0.2588584015046557	0.24529994217085688	0.2410475984697572	0.25479405785473025		Opinosis_notClass/BASE_Maid
0.32896271009290945	0.22076618968727788	0.21444466788553568	0.23582643233427708		Opinosis_notClass/BASE_Maid
0.2778884755864648	0.23894166195169259	0.23378541480918247	0.24938444765266013		Opinosis_notClass/BASE_Maid
0.25721279027286353	0.24802440802346576	0.23996747038193644	0.2547953313217342		Opinosis_notClass/BASE_Maid
0.25810049480789937	0.24716775705046942	0.24074572977726527	0.2539860183643659		Opinosis_notClass/BASE_Maid
0.25804286780334595	0.24610860953021724	0.24291831652109983	0.2529302061453369		Opinosis_notClass/BASE_Maid
0.2529389473737465	0.2335434209991191	0.26527570130886297	0.2482419303182714		Opinosis_notClass/BASE_Maid
0.2535200535715954	0.2420719600349374	0.24922001910146138	0.25518796729200577		Opinosis_notClass/BASE_Maid
0.25488790028495134	0.23982770139001663	0.24553127607050546	0.2597531222545266		Opinosis_notClass/BASE_Maid
0.25640170245627886	0.24713460713400984	0.24245489910364532	0.254008791306066		Opinosis_notClass/BASE_Maid
0.25750495788576777	0.24471278776495342	0.243988111119964	0.25379414322931476		Opinosis_notClass/BASE_Maid
0.2565252967005582	0.24387403423980633	0.2432375649635351	0.2563631040961004		Opinosis_notClass/BASE_Maid
0.25644673496795106	0.2734278837139	0.21969818915034514	0.2504271921678038		Opinosis_notClass/BASE_Maid
0.26150156396146723	0.236587500065074	0.2423238223546115	0.2595871136188472		Opinosis_notClass/BASE_Maid
0.2546829100214327	0.22792257042050196	0.2662680652663415	0.25112645429172376		Opinosis_notClass/BASE_Maid
0.25840641321664815	0.2447857203000389	0.24117316702926733	0.25563469945404566		Opinosis_notClass/BASE_Maid
0.2565923668530913	0.24810900605048164	0.24154686076349924	0.25375176633292773		Opinosis_notClass/BASE_Maid
0.2577546072029213	0.2401383898798119	0.24821919100655623	0.2538878119107105		Opinosis_notClass/BASE_Maid
0.2553308554611957	0.24663297410196847	0.2452075923865002	0.25282857805033565		Opinosis_notClass/BASE_Maid
0.24224148449018545	0.31239737387424127	0.2083395434616903	0.23702159817388294		Opinosis_notClass/BASE_Maid
0.25938547778864013	0.24627132440905994	0.23999349437240355	0.2543497034298964		Opinosis_notClass/BASE_Maid
0.24996101621195965	0.23206494750130208	0.2704459941205517	0.24752804216618657		Opinosis_notClass/BASE_Maid
0.25571939353307865	0.24707493578126846	0.24469935623720457	0.2525063144484483		Opinosis_notClass/BASE_Maid
4.5955023985111107E-7	3.61519443073145E-7	0.9999986644901458	5.14440171066417E-7		Opinosis_notClass/BASE_Maid
0.2446028616034093	0.2024546599505716	0.241329836918549	0.3116126415274701		Opinosis_notClass/BASE_Maid
0.25630799044447955	0.2278067091666176	0.25641021216095694	0.259475088227946		Opinosis_notClass/BASE_Maid
0.2707597995783466	0.24140309753623476	0.2361485701125965	0.25168853277282216		Opinosis_notClass/BASE_Maid
0.2701283029373867	0.24194515050878254	0.233422325836014	0.25450422071781686		Opinosis_notClass/BASE_Maid
0.2574147428296967	0.24857392996745073	0.24002133879141818	0.2539899884114344		Opinosis_notClass/BASE_Maid
0.25416067628294026	0.29126445519902094	0.20896341742193414	0.24561145109610463		Opinosis_notClass/BASE_Maid
0.25643614083591887	0.2460126001323091	0.2424772091445765	0.25507404988719545		Opinosis_notClass/BASE_Maid
0.2591822631773018	0.23214123611739815	0.24022366263452816	0.26845283807077186		Opinosis_notClass/BASE_Maid
0.24844241913749202	0.2066265613058769	0.29721964676749707	0.24771137278913405		Opinosis_notClass/BASE_Maid
0.2618532977853212	0.23285398303165192	0.2463250702438815	0.25896764893914537		Opinosis_notClass/BASE_Maid
0.2514038239503266	0.28774195461030727	0.2158858556237816	0.2449683658155846		Opinosis_notClass/BASE_Maid
0.2603973442400816	0.24583127670359972	0.2373341364374156	0.25643724261890305		Opinosis_notClass/BASE_Maid
0.3168330954033458	0.2248805293303134	0.21844261661989822	0.23984375864644256		Opinosis_notClass/BASE_Maid
0.25818578362061523	0.25256878282767375	0.2367815779522307	0.25246385559948026		Opinosis_notClass/BASE_Maid
0.2630275028105358	0.22802976028615313	0.24249856781822524	0.26644416908508584		Opinosis_notClass/BASE_Maid
0.2601803075671756	0.23434779571292777	0.24538462942066105	0.2600872672992356		Opinosis_notClass/BASE_Maid
0.25742472916575676	0.24655020625345858	0.24186961397815415	0.25415545060263056		Opinosis_notClass/BASE_Maid
0.27784971180790424	0.24017392514401234	0.23358016752729735	0.24839619552078604		Opinosis_notClass/BASE_Maid
0.2636830544513466	0.2466025781265784	0.23304683416571462	0.2566675332563605		Opinosis_notClass/BASE_Maid
0.27491767653059507	0.2388603279329301	0.23420917743826095	0.2520128180982138		Opinosis_notClass/BASE_Maid
