3.4317249281488703E-4	0.9986814314074831	3.431558188094263E-4	3.4317389493251677E-4	2.8906638596007704E-4		NewYorkTimes_Maid/china
0.20268532043968626	0.19556241067130212	0.20268258316620172	0.20268539137036834	0.19638429435244154		NewYorkTimes_Maid/china
1.5484606826785026E-4	1.288354656298715E-4	1.5485630998752573E-4	1.5484561467402855E-4	0.9994066165414409		NewYorkTimes_Maid/egypt
0.2020388662987692	0.19641326716704924	0.2020366697050931	0.20203891681809918	0.19747228001098935		NewYorkTimes_Maid/egypt
0.20380991090004183	0.19448971162158246	0.2038121651290784	0.20381195649676076	0.19407625585253652		NewYorkTimes_Maid/facebook
0.20532071676878044	0.1916281753534753	0.2053198847889039	0.20532007603251726	0.19241114705632312		NewYorkTimes_Maid/facebook
0.20585213969200605	0.19319312317796822	0.20584826649210608	0.20585228256486127	0.18925418807305844		NewYorkTimes_Maid/globamwarm
0.20392000559368412	0.19429549696782858	0.20391708384350432	0.2039200983758719	0.193947315219111		NewYorkTimes_Maid/globamwarm
0.2029974494938866	0.19583062141027754	0.2029948816139742	0.20299752093624845	0.19517952654561324		NewYorkTimes_Maid/google
0.20283945287598906	0.19627151963031678	0.20283916120816123	0.20283951576819345	0.19521035051733948		NewYorkTimes_Maid/google
1.5484606826785026E-4	1.288354656298715E-4	1.5485630998752573E-4	1.5484561467402855E-4	0.9994066165414409		NewYorkTimes_Maid/libya
0.20413885192971645	0.19136292165103394	0.20415353926476795	0.20413895652704006	0.19620573062744157		NewYorkTimes_Maid/libya
0.20414906773573338	0.19379743368077726	0.20415119226879397	0.2041491639320833	0.19375314238261207		NewYorkTimes_Maid/obama
0.20352406948440482	0.19558187136140567	0.20352184711788332	0.20352340019465917	0.19384881184164696		NewYorkTimes_Maid/obama
0.20250221944652813	0.19606452709968625	0.2025033757258264	0.2025022754719713	0.196427602255988		NewYorkTimes_Maid/pakistan
0.20555517687198374	0.19063669843909847	0.20555444259575995	0.20555531047874762	0.19269837161441025		NewYorkTimes_Maid/pakistan
0.20309733641818567	0.19519221893483482	0.20309675893477006	0.20309654119819942	0.19551714451401006		NewYorkTimes_Maid/wikileaks
0.204006907191738	0.19278643664108194	0.2040040663143158	0.20400595252302636	0.19519663732983789		NewYorkTimes_Maid/wikileaks
