0.0021367718082732873	0.0022415824177482216	0.9930853388970727	0.00253630687690578		Opinosis_notClass/BASE_Maid
0.0011073863749707401	9.705190405160908E-4	0.0011034770608631377	0.9968186175236502		Opinosis_notClass/BASE_Maid
0.23223284721595627	0.2678912727493476	0.25209356793648563	0.24778231209821042		Opinosis_notClass/BASE_Maid
0.23733777312328522	0.2588356174257262	0.2553612851999481	0.24846532425104043		Opinosis_notClass/BASE_Maid
3.2955510654776682E-6	0.9999877018445259	4.653826120841752E-6	4.3487782877224745E-6		Opinosis_notClass/BASE_Maid
0.23790078326677808	0.24578637490999486	0.26027995513166546	0.2560328866915616		Opinosis_notClass/BASE_Maid
0.23993188788412567	0.24185367332145297	0.261503001870319	0.25671143692410237		Opinosis_notClass/BASE_Maid
0.2410475392231858	0.24529977400053007	0.258858368024203	0.2547943187520812		Opinosis_notClass/BASE_Maid
0.21444442725499113	0.22076576827706323	0.3289632054436847	0.23582659902426092		Opinosis_notClass/BASE_Maid
0.23378536998593227	0.23894143061801099	0.27788858605213385	0.24938461334392295		Opinosis_notClass/BASE_Maid
0.23996733347808485	0.24802418205352797	0.25721258900207905	0.25479589546630815		Opinosis_notClass/BASE_Maid
0.24074565101885878	0.24716749349592285	0.25810031451157467	0.2539865409736437		Opinosis_notClass/BASE_Maid
0.24291818000916773	0.24610838871890542	0.2580428046661602	0.25293062660576654		Opinosis_notClass/BASE_Maid
0.26527496900048414	0.2335426551172349	0.2529372992683866	0.2482450766138944		Opinosis_notClass/BASE_Maid
0.24921986487672	0.24207184101458978	0.25351997245735186	0.25518832165133837		Opinosis_notClass/BASE_Maid
0.2455311769639829	0.23982750446673878	0.2548875627530491	0.25975375581622917		Opinosis_notClass/BASE_Maid
0.24245483474709412	0.24713445646720508	0.2564017058241415	0.2540090029615593		Opinosis_notClass/BASE_Maid
0.24398807076671497	0.2447126886247814	0.2575049750812128	0.25379426552729084		Opinosis_notClass/BASE_Maid
0.24323755366785615	0.24387397571886238	0.256525375733683	0.25636309487959846		Opinosis_notClass/BASE_Maid
0.2196978683039242	0.2734274139459087	0.25644613513429826	0.2504285826158688		Opinosis_notClass/BASE_Maid
0.2423236950561526	0.2365870544459699	0.2615013558589017	0.25958789463897575		Opinosis_notClass/BASE_Maid
0.2662677644314939	0.22792221802024604	0.2546824084858447	0.25112760906241516		Opinosis_notClass/BASE_Maid
0.24117307610904046	0.24478559415990525	0.2584063278660727	0.25563500186498156		Opinosis_notClass/BASE_Maid
0.2415468652944847	0.24810892644631147	0.25659230282742573	0.25375190543177806		Opinosis_notClass/BASE_Maid
0.2482191840468718	0.2401379942722593	0.25775467440417343	0.2538881472766954		Opinosis_notClass/BASE_Maid
0.2452075428533801	0.2466329053342736	0.25533088244514973	0.25282866936719645		Opinosis_notClass/BASE_Maid
0.20833696302335722	0.3123926115887406	0.24223801524735206	0.2370324101405501		Opinosis_notClass/BASE_Maid
0.23999341324702633	0.2462711243493008	0.2593851190199476	0.25435034338372536		Opinosis_notClass/BASE_Maid
0.27044590090773274	0.23206475914730726	0.24996075396909684	0.24752858597586322		Opinosis_notClass/BASE_Maid
0.24469917561090654	0.24707484586871392	0.2557192527469392	0.2525067257734403		Opinosis_notClass/BASE_Maid
0.9999986645127407	3.6151124327186896E-7	4.595387715854876E-7	5.144372445024001E-7		Opinosis_notClass/BASE_Maid
0.24132962593924012	0.20245385487249762	0.24460257528773202	0.3116139439005302		Opinosis_notClass/BASE_Maid
0.25640988206002546	0.22780635341320465	0.2563076638730347	0.25947610065373516		Opinosis_notClass/BASE_Maid
0.23614851197354375	0.24140282988191808	0.27075970625872553	0.2516889518858127		Opinosis_notClass/BASE_Maid
0.23342214899322192	0.241944873077143	0.27012830485066397	0.25450467307897107		Opinosis_notClass/BASE_Maid
0.24002124803915434	0.24857373990466414	0.257414502039327	0.2539905100168546		Opinosis_notClass/BASE_Maid
0.2089629800862991	0.2912638397772613	0.2541600293895994	0.24561315074684018		Opinosis_notClass/BASE_Maid
0.24247723658577658	0.24601251528032883	0.25643622274829647	0.25507402538559815		Opinosis_notClass/BASE_Maid
0.24022340941969036	0.23214072263454924	0.2591818668701042	0.26845400107565626		Opinosis_notClass/BASE_Maid
0.29721848492729763	0.2066256263338788	0.2484385779108995	0.2477173108279241		Opinosis_notClass/BASE_Maid
0.24632468390257428	0.23285358625166522	0.2618527226334853	0.25896900721227517		Opinosis_notClass/BASE_Maid
0.215885466148347	0.28774136451401344	0.25140349943043555	0.244969669907204		Opinosis_notClass/BASE_Maid
0.2373340766650011	0.2458310878329684	0.2603973112111379	0.2564375242908926		Opinosis_notClass/BASE_Maid
0.21844250037224852	0.22488030238075196	0.31683306362089625	0.23984413362610327		Opinosis_notClass/BASE_Maid
0.23678149471645654	0.2525684889865211	0.25818556982750174	0.2524644464695206		Opinosis_notClass/BASE_Maid
0.24249841764288652	0.22802927114795016	0.26302729262573643	0.2664450185834269		Opinosis_notClass/BASE_Maid
0.2453838828466456	0.23434731234008077	0.2601800343036771	0.2600887705095965		Opinosis_notClass/BASE_Maid
0.24186960457131337	0.2465501558252828	0.25742457994162726	0.25415565966177667		Opinosis_notClass/BASE_Maid
0.2335800778378389	0.24017367080499702	0.277849643159836	0.24839660819732806		Opinosis_notClass/BASE_Maid
0.2330467324858437	0.24660234439120224	0.263682754077625	0.256668169045329		Opinosis_notClass/BASE_Maid
0.23420909673679396	0.2388600899769886	0.2749177130552156	0.2520131002310018		Opinosis_notClass/BASE_Maid
