0.19377343272968398	0.7952162289484029	0.00597772817297694	0.005032610148936131		NewYorkTimes_Maid/china
0.24890128622164645	0.2476560511619613	0.25562024567065567	0.24782241694573656		NewYorkTimes_Maid/china
3.4517964668830727E-4	3.3794483980950136E-4	3.9981650992540696E-4	0.998917059003577		NewYorkTimes_Maid/egypt
0.2489445485315075	0.24801889112698663	0.2543270496494675	0.2487095106920384		NewYorkTimes_Maid/egypt
0.24890028396636912	0.24736991577064743	0.2579415173720835	0.2457882828908999		NewYorkTimes_Maid/facebook
0.2477699303671006	0.24561465175158181	0.2614856662772221	0.2451297516040955		NewYorkTimes_Maid/facebook
0.24983955284390585	0.2474980993711464	0.2618119868834528	0.24085036090149492		NewYorkTimes_Maid/globamwarm
0.24887994005164643	0.24726253131156936	0.25815808441645083	0.24569944422033335		NewYorkTimes_Maid/globamwarm
0.24937103449858325	0.24811072779056764	0.2561072493729273	0.24641098833792185		NewYorkTimes_Maid/google
0.24954383707440211	0.24841563151935164	0.25574822902486205	0.24629230238138416		NewYorkTimes_Maid/google
3.4517964668830727E-4	3.3794483980950136E-4	3.9981650992540696E-4	0.998917059003577		NewYorkTimes_Maid/libya
0.24644670939192717	0.24459257359391398	0.2594789967644568	0.24948172024970205		NewYorkTimes_Maid/libya
0.24861227715426368	0.24693076080136422	0.25874436781193294	0.2457125942324392		NewYorkTimes_Maid/obama
0.24973066666785568	0.24824142646066047	0.257020296848932	0.24500761002255186		NewYorkTimes_Maid/obama
0.24900492554639603	0.24798020096740592	0.25528478399867305	0.24773008948752495		NewYorkTimes_Maid/pakistan
0.24709634878340583	0.2448204429131511	0.26219097165648514	0.24589223664695792		NewYorkTimes_Maid/pakistan
0.24878027029501334	0.2475501408331831	0.25655606159431915	0.24711352727748437		NewYorkTimes_Maid/wikileaks
0.2475416990609792	0.24586294140607884	0.25882491044423234	0.24777044908870965		NewYorkTimes_Maid/wikileaks
