3.626076197132837E-4	0.9993045122103693	3.3288016991730687E-4		IAArticles_Maid/clu
0.3440789900288878	0.3336315122307858	0.32228949774032645		IAArticles_Maid/clu
0.9994237386498013	3.067211131457498E-4	2.695402370529512E-4		IAArticles_Maid/clu
0.3411493730294845	0.34212053844859847	0.31673008852191703		IAArticles_Maid/clu
0.33772837023763796	0.33559969225753	0.3266719375048321		IAArticles_Maid/clu
0.34147937924599453	0.33540381294272337	0.32311680781128205		IAArticles_Maid/clu
0.3392155231837319	0.33334774776954473	0.32743672904672344		IAArticles_Maid/clu
0.34003808557880705	0.3348165294018328	0.3251453850193601		IAArticles_Maid/clu
0.3438381183371332	0.33618699052678885	0.3199748911360779		IAArticles_Maid/clu
0.3434876035111507	0.33951741491282583	0.31699498157602346		IAArticles_Maid/clu
0.33443779649549427	0.3347478206075851	0.3308143828969206		IAArticles_Maid/mtx
0.33495316106684053	0.3364925188463863	0.3285543200867731		IAArticles_Maid/mtx
0.3357832283064965	0.33889878485562214	0.3253179868378813		IAArticles_Maid/mtx
0.34344556912067437	0.33348060608117014	0.32307382479815544		IAArticles_Maid/mtx
0.34133115213988224	0.3363480254691405	0.3223208223909773		IAArticles_Maid/mtx
0.3410475550466728	0.33507124637958297	0.32388119857374426		IAArticles_Maid/mtx
0.3353808583933234	0.33589341387060356	0.32872572773607306		IAArticles_Maid/mtx
4.766561658510477E-6	4.728004689817798E-6	0.9999905054336518		IAArticles_Maid/mtx
0.33785478846592415	0.3356705036311944	0.3264747079028814		IAArticles_Maid/mtx
0.3399925565768404	0.33661953544174944	0.3233879079814102		IAArticles_Maid/mtx
0.33557996743631086	0.33439859370344105	0.3300214388602481		IAArticles_Maid/ont
0.3386315137014248	0.3373630462509558	0.32400544004761933		IAArticles_Maid/ont
0.3350756461418227	0.3334633864546486	0.33146096740352865		IAArticles_Maid/ont
0.33454298379938524	0.3337870501465518	0.3316699660540628		IAArticles_Maid/ont
0.3386714607041133	0.3321022471546356	0.329226292141251		IAArticles_Maid/ont
0.3376133265249976	0.3354998738470934	0.32688679962790895		IAArticles_Maid/ont
0.336047925405997	0.3383643516509462	0.3255877229430569		IAArticles_Maid/ont
0.3411614573116927	0.3351124061127532	0.3237261365755541		IAArticles_Maid/ont
0.3374949467265177	0.33736483990959837	0.3251402133638839		IAArticles_Maid/ont
0.33734999154007983	0.33712565898483887	0.32552434947508135		IAArticles_Maid/ont
0.33853537175051435	0.3390450986123696	0.3224195296371162		IAArticles_Maid/rif
0.342160586286264	0.33581846462262777	0.3220209490911083		IAArticles_Maid/rif
0.3364924899936089	0.33558948006069617	0.32791802994569486		IAArticles_Maid/rif
0.3426725008343413	0.33874192946466214	0.3185855697009966		IAArticles_Maid/rif
0.3413843829593075	0.3382882062306118	0.3203274108100808		IAArticles_Maid/rif
0.34589409766868784	0.33833181550683633	0.31577408682447583		IAArticles_Maid/rif
0.34102364757035175	0.3355919387582179	0.3233844136714304		IAArticles_Maid/rif
0.3414566517501724	0.3378106445590192	0.3207327036908083		IAArticles_Maid/rif
0.3372392042176811	0.3368981001784317	0.32586269560388714		IAArticles_Maid/rif
0.3426143054946265	0.3390856320579393	0.3183000624474342		IAArticles_Maid/rif
