0.0021414007652284296	0.0022464646449054807	0.9930703712638966	0.0025417633259694063		Opinosis_notClass/BASE_Maid
0.0011049900026811601	9.684203592733052E-4	0.0011011940963354637	0.9968253955417101		Opinosis_notClass/BASE_Maid
0.23223264394976156	0.26789127270987795	0.25210003375163037	0.24777604958873017		Opinosis_notClass/BASE_Maid
0.2373378004425996	0.2588359598942426	0.25536560997780894	0.248460629685349		Opinosis_notClass/BASE_Maid
3.2963984855149717E-6	0.9999876985087208	4.655835307714644E-6	4.3492574860106076E-6		Opinosis_notClass/BASE_Maid
0.23790011278821838	0.24578595625468538	0.2602878738696059	0.2560260570874904		Opinosis_notClass/BASE_Maid
0.2399312903967082	0.2418532514923565	0.26150914707093004	0.25670631104000524		Opinosis_notClass/BASE_Maid
0.2410469498240051	0.24529940942789635	0.2588638252780693	0.2547898154700292		Opinosis_notClass/BASE_Maid
0.214447839219268	0.22076963442406852	0.328955643141039	0.23582688321562456		Opinosis_notClass/BASE_Maid
0.23378597241300275	0.2389424908571039	0.27788814575665494	0.24938339097323844		Opinosis_notClass/BASE_Maid
0.23996684682586877	0.24802377393963027	0.2572178596911134	0.2547915195433875		Opinosis_notClass/BASE_Maid
0.24074521808863525	0.2471671846141295	0.2581046649055534	0.25398293239168185		Opinosis_notClass/BASE_Maid
0.2429182539467307	0.2461088286282491	0.25804684305141634	0.25292607437360387		Opinosis_notClass/BASE_Maid
0.26527548523203304	0.23354358716543575	0.252953932789429	0.24822699481310226		Opinosis_notClass/BASE_Maid
0.24921983365050848	0.24207191812129217	0.25352610385749597	0.25518214437070336		Opinosis_notClass/BASE_Maid
0.24553077921780375	0.23982749774183731	0.2548983522906565	0.2597433707497024		Opinosis_notClass/BASE_Maid
0.24245446117296718	0.24713436503682365	0.2564062146848661	0.2540049591053432		Opinosis_notClass/BASE_Maid
0.24398783029461224	0.24471256451009848	0.25750910094635215	0.25379050424893707		Opinosis_notClass/BASE_Maid
0.24323698220919288	0.24387373558751177	0.2565295579264811	0.25635972427681425		Opinosis_notClass/BASE_Maid
0.21969519668530754	0.273424646656949	0.25646947585062524	0.2504106808071183		Opinosis_notClass/BASE_Maid
0.2423233809902713	0.23658689678439243	0.2615151156316253	0.25957460659371107		Opinosis_notClass/BASE_Maid
0.2662670970606862	0.22792185553108882	0.25469795695120045	0.25111309045702457		Opinosis_notClass/BASE_Maid
0.24117239912753868	0.2447849948186033	0.2584119049831876	0.2556307010706703		Opinosis_notClass/BASE_Maid
0.2415467507688054	0.24810883087814578	0.2565964431917469	0.2537479751613019		Opinosis_notClass/BASE_Maid
0.24821938202073432	0.24013865694999792	0.2577608322961024	0.2538811287331654		Opinosis_notClass/BASE_Maid
0.2452073876984717	0.2466328065151863	0.25533402239183556	0.25282578339450645		Opinosis_notClass/BASE_Maid
0.20833563633082358	0.312391504095558	0.24225932682691192	0.23701353274670653		Opinosis_notClass/BASE_Maid
0.23999335228936874	0.2462713618884654	0.25939190064458145	0.25434338517758437		Opinosis_notClass/BASE_Maid
0.270445626855918	0.23206477221426794	0.2499723012456312	0.24751729968418287		Opinosis_notClass/BASE_Maid
0.24469881499885837	0.2470744469441999	0.2557237544718708	0.25250298358507084		Opinosis_notClass/BASE_Maid
0.9999986643542231	3.615617563657424E-7	4.5969269276633356E-7	5.143913276181945E-7		Opinosis_notClass/BASE_Maid
0.2413318869184931	0.20245693676744983	0.24464558132550682	0.31156559498855024		Opinosis_notClass/BASE_Maid
0.2564099565779721	0.2278070876386489	0.2563238583009082	0.25945909748247076		Opinosis_notClass/BASE_Maid
0.2361488399114482	0.24140373040491703	0.270761377522159	0.2516860521614758		Opinosis_notClass/BASE_Maid
0.23342256296046593	0.24194565606079538	0.27013283141340927	0.2544989495653293		Opinosis_notClass/BASE_Maid
0.24002115446477526	0.24857408299230158	0.25742004143180847	0.25398472111111475		Opinosis_notClass/BASE_Maid
0.20896100003081516	0.29126189087129833	0.2541905564226912	0.2455865526751952		Opinosis_notClass/BASE_Maid
0.24247685875537628	0.24601221114256908	0.25644023245904335	0.2550706976430112		Opinosis_notClass/BASE_Maid
0.24022290078204944	0.23214073092879217	0.2591945564757362	0.2684418118134221		Opinosis_notClass/BASE_Maid
0.29722294174151653	0.20662952940255583	0.2484955754064416	0.24765195344948604		Opinosis_notClass/BASE_Maid
0.2463245237849563	0.23285380956716795	0.2618733924948169	0.25894827415305877		Opinosis_notClass/BASE_Maid
0.21588638725872528	0.2877429124699816	0.2514232843836218	0.24494741588767122		Opinosis_notClass/BASE_Maid
0.23733350095234484	0.245830798808809	0.26040375761518475	0.2564319426236615		Opinosis_notClass/BASE_Maid
0.21844490535235075	0.22488532521459145	0.31682601713042424	0.23984375230263358		Opinosis_notClass/BASE_Maid
0.23678096280569766	0.2525679911376235	0.2581905127547967	0.2524605333018822		Opinosis_notClass/BASE_Maid
0.24249779711464514	0.22802915104193644	0.2630505192007427	0.2664225326426757		Opinosis_notClass/BASE_Maid
0.24538385478869254	0.2343473916127967	0.2601935100056838	0.26007524359282697		Opinosis_notClass/BASE_Maid
0.2418688069213465	0.24654951113506246	0.25743106863322796	0.2541506133103631		Opinosis_notClass/BASE_Maid
0.23358073746375196	0.24017492815983474	0.2778507337012911	0.2483936006751222		Opinosis_notClass/BASE_Maid
0.23304623604943078	0.24660202555798003	0.26369090863788075	0.2566608297547085		Opinosis_notClass/BASE_Maid
0.23420968725269356	0.23886132099234644	0.274919712794223	0.2520092789607371		Opinosis_notClass/BASE_Maid
