0.9793116574501722	0.010529845309261739	0.010158497240565894		0.00
0.30342783473054147	0.29770793278215846	0.3988642324873		0.00
0.31607602926289335	0.39429253143120324	0.28963143930590346		0.00
0.9586485341873064	0.022705579880755843	0.018645885931937854		0.00
8.134980501854629E-6	0.999985901126034	5.963893464314763E-6		0.00
0.33439724485560596	0.3339382294597007	0.3316645256846933		0.00
0.3345504331886659	0.3312055546209977	0.33424401219033634		0.00
0.3343245607979832	0.3329793326261784	0.3326961065758384		0.00
0.621465448713886	0.19181805249465134	0.18671649879146268		0.00
0.38775537853118824	0.3077880774013177	0.30445654406749406		0.00
0.33451756230431995	0.33502910252208695	0.330453335173593		0.00
0.3338014928362526	0.3354314193263177	0.33076708783742964		0.00
0.33586641430322894	0.3306425418325859	0.3334910438641852		0.00
0.2578158452990101	0.2563836712855767	0.4858004834154133		0.05
0.33257215328067957	0.3284086605238847	0.33901918619543586		0.00
0.3292635470354751	0.32794534850486473	0.34279110445966		0.00
0.33196314103379887	0.33687321472701315	0.33116364423918804		0.00
0.3357489772582695	0.33196694368040736	0.33228407906132307		0.00
0.33546848051345446	0.33118017585969145	0.3333513436268541		0.00
0.26190975907248015	0.49802106041841643	0.24006918050910342		0.00
0.32695653412568276	0.3231412001751371	0.34990226569918015		0.00
0.25813586416337997	0.25471714094891246	0.4871469948877075		1.00
0.3365602347513216	0.3322075341352417	0.33123223111343664		0.00
0.3334254041673666	0.33314863049404014	0.3334259653385932		0.00
0.3289441395217057	0.324648731570173	0.3464071289081212		0.00
0.3323507326350053	0.33227419142600845	0.3353750759389861		0.00
0.06978568863836677	0.8634975804228845	0.06671673093874872		0.00
0.3290772589730046	0.3363759216256678	0.3345468194013276		0.00
0.26481621862096494	0.262976378671526	0.472207402707509		0.00
0.3333768987292686	0.3326296104054984	0.33399349086523294		0.00
1.0210056248015757E-5	9.149270424849461E-6	0.999980640673327		0.00
0.30112109357728817	0.27953856472580596	0.41934034169690587		0.00
0.3050779829625688	0.28214113882597713	0.412780878211454		0.00
0.37562494813328345	0.3117974082751428	0.31257764359157375		0.00
0.3456737556558214	0.33161962646069537	0.3227066178834832		0.00
0.5000038201226867	0.25545644184829297	0.24453973802902032		0.00
0.15472441469549067	0.7051605180000027	0.14011506730450654		0.00
0.33310657005153144	0.33308773581047413	0.3338056941379944		0.00
0.32815883007163144	0.32035350724290307	0.35148766268546555		0.00
0.0583880958728497	0.05643112750253677	0.8851807766246136		0.00
0.32370685509203834	0.31495430597610335	0.36133883893185825		0.00
0.2259171431606059	0.564582968027593	0.2094998888118011		0.00
0.5254829997779737	0.23933755280177427	0.23517944742025204		0.00
0.4910382344865246	0.25485965049350534	0.25410211501997		0.00
0.3285383400756276	0.3496142819216675	0.3218473780027048		0.00
0.3270120505975839	0.3126958991345762	0.36029205026783984		0.00
0.32925427245227784	0.3201273302844096	0.35061839726331256		0.00
0.33242212942925836	0.33389868320572	0.3336791873650216		0.00
0.3767012866988453	0.3113156565476103	0.31198305675354454		0.00
0.5129251061778217	0.24986295648187892	0.23721193734029938		0.00
0.37091335044585655	0.31715620924232285	0.3119304403118205		0.00
