0.9792913355151077	0.010540160645974616	0.010168503838917847		0.00
0.3034273456958061	0.29770785520029774	0.39886479910389633		0.00
0.31607894688975663	0.3942905286516361	0.28963052445860726		0.00
0.9586922401262717	0.02268198273968581	0.01862577713404255		0.00
8.133927855138674E-6	0.9999859029400073	5.963132137524967E-6		0.00
0.33439747853845364	0.33393804466663857	0.33166447679490774		0.00
0.33455023648639043	0.33120560919983116	0.33424415431377835		0.00
0.3343240806111647	0.33297937458180155	0.33269654480703365		0.00
0.6214017175294296	0.19185125497412547	0.18674702749644476		0.00
0.3877419671618785	0.3077923781138572	0.30446565472426435		0.00
0.3345172180233705	0.33502926455073245	0.33045351742589707		0.00
0.33380126135938415	0.33543134288000553	0.3307673957606103		0.00
0.33586644455425935	0.3306423928318953	0.3334911626138454		0.00
0.25781531172110167	0.2563836841484312	0.485801004130467		0.05
0.33257242259088116	0.32840850872051636	0.3390190686886024		0.00
0.32926341095586753	0.3279454072074588	0.3427911818366736		0.00
0.33196304088755396	0.3368732750428574	0.3311636840695886		0.00
0.3357483903508183	0.331967140709273	0.33228446893990854		0.00
0.33546892177835036	0.33117993406719065	0.3333511441544589		0.00
0.26190795365627667	0.4980226578167966	0.24006938852692675		0.00
0.3269560483841858	0.3231413618809	0.3499025897349141		0.00
0.25813524582367253	0.2547170891731683	0.48714766500315915		1.00
0.3365601914504665	0.3322075718145737	0.3312322367349598		0.00
0.33342540033152906	0.3331485988903293	0.3334260007781417		0.00
0.32894374636107504	0.324648966958951	0.34640728667997395		0.00
0.3323507234103028	0.3322741937816857	0.33537508280801165		0.00
0.06978486527787182	0.8634989866142969	0.06671614810783129		0.00
0.3290775142615446	0.33637581904877234	0.3345466666896831		0.00
0.2648157132076886	0.26297637619084413	0.4722079106014672		0.00
0.3333770489263527	0.33262952511588706	0.33399342595776016		0.00
1.0208661322278506E-5	9.148167111861014E-6	0.9999806431715659		0.00
0.3011192523473534	0.2795391649582633	0.4193415826943832		0.00
0.30507609440227035	0.28214174676478565	0.4127821588329441		0.00
0.37562089280298977	0.31179898403977896	0.3125801231572312		0.00
0.3456719484212682	0.3316202628231904	0.32270778875554146		0.00
0.5000409840204726	0.25543925485984154	0.24451976111968585		0.00
0.1547233074214321	0.7051618887394071	0.1401148038391608		0.00
0.3331065742240125	0.3330876689061597	0.33380575686982766		0.00
0.3281579885805978	0.32035389396085084	0.3514881174585513		0.00
0.05838740237891271	0.056430760825857816	0.8851818367952295		0.00
0.32370578671798117	0.3149548170771996	0.3613393962048192		0.00
0.22591543897400201	0.5645848033885486	0.2094997576374494		0.00
0.5255323932918152	0.23931194031838152	0.23515566638980318		0.00
0.491018348005886	0.25486813332914415	0.2541135186649698		0.00
0.328538044985379	0.34961448379807086	0.3218474712165503		0.00
0.32701106339215835	0.3126962439579492	0.3602926926498924		0.00
0.3292533365969607	0.3201277045259465	0.3506189588770928		0.00
0.33242215069162123	0.33389867679396634	0.3336791725144125		0.00
0.37669556050409464	0.311318509015845	0.31198593048006035		0.00
0.5129712672315582	0.24984321373202611	0.23718551903641572		0.00
0.37091138085985415	0.317157309922855	0.3119313092172909		0.00
