8.416529650342248E-6	6.869744127485367E-6	6.6903477518623035E-6	0.9999780233784703		0.00
0.2341909138976707	0.2269209021839588	0.3061058604335303	0.23278232348484024		0.00
0.25192728643344414	0.30600827828395755	0.22051726712201267	0.2215471681605855		0.00
0.9999190706830676	2.8547509406128654E-5	2.368134004814319E-5	2.87004674782368E-5		0.00
2.8427090062267306E-6	0.9999930596841606	1.7805697553489331E-6	2.317037077729467E-6		0.00
0.2513309104037669	0.25045577847988176	0.24888480691560008	0.24932850420075123		0.00
0.2509615160397658	0.24836668195783626	0.25066316558528057	0.25000863641711735		0.00
0.24912721552363798	0.24978314874561494	0.24938682529367523	0.2517028104370719		0.00
0.10813184904154226	0.1041837922500698	0.10175898884812694	0.6859253698602609		0.00
0.2340495231234108	0.22675337160324208	0.2244512027452279	0.3147459025281192		0.00
0.2495884983541206	0.2510720773191174	0.24764879771512127	0.2516906266116407		0.00
0.2497410728359624	0.2515304136634587	0.24786856515076572	0.2508599483498131		0.00
0.2505714968768683	0.2476567846939665	0.25008313713685526	0.25168858129230987		0.00
0.2047772509212252	0.20258858793463028	0.38803753205474484	0.20459662908939974		0.05
0.2512653916037043	0.2465124704520304	0.25455599451217276	0.2476661434320925		0.00
0.2482241800575579	0.24645782577123485	0.25781880245649524	0.24749919171471205		0.00
0.24936191438133892	0.25297412993556695	0.24838570625321638	0.24927824942987775		0.00
0.24922029698584575	0.24883311957389886	0.24903167175794724	0.2529149116823082		0.00
0.25278582913051073	0.24829090860046124	0.24999330560664337	0.24892995666238463		0.00
0.21599691569608667	0.3841867949881311	0.18922792357735072	0.2105883657384315		0.00
0.2477076455961735	0.24281933112147958	0.2628416207357929	0.24663140254655394		0.00
0.20447727754591039	0.20039926737317512	0.39125425329349034	0.20386920178742426		1.00
0.2521413427619769	0.24869706134555375	0.2480242646363865	0.2511373312560828		0.00
0.24998367982616213	0.24982420210466114	0.25006552728440207	0.2501265907847746		0.00
0.2460231126563424	0.24422260562870898	0.26096636514907784	0.2487879165658708		0.00
0.2494490476688752	0.24935702864382145	0.25175529765101134	0.24943862603629205		0.00
0.05822352896692947	0.8297637184509807	0.054482088117758426	0.05753066446433145		0.00
0.24921758940708794	0.2530673947308362	0.25125416162466757	0.2464608542374083		0.00
0.208941713571311	0.20593758209241214	0.3772377408689029	0.20788296346737406		0.00
0.2504747379693663	0.24948701879750113	0.2505367949857354	0.24950144824739715		0.00
4.456459935572961E-6	3.7564495966417842E-6	0.9999874295160173	4.357574450526714E-6		0.00
0.2378682378629046	0.21241276945738624	0.31685610543625	0.23286288724345922		0.00
0.24060544844360474	0.21398934299089062	0.3113983304075013	0.23400687815800325		0.00
0.23696360574721198	0.23123509486461974	0.23188680546411003	0.2999144939240582		0.00
0.2502702009564889	0.2474314247090272	0.24102594956743054	0.2612724247670534		0.00
0.5109417271831516	0.16332131381764334	0.15753206623687882	0.16820489276232628		0.00
0.14467146065366335	0.5940839770575581	0.12288287058062412	0.13836169170815435		0.00
0.25055745916888356	0.24984444224966337	0.25042796941488243	0.24917012916657064		0.00
0.24860524485941654	0.24026957355044218	0.2635764436174194	0.2475487379727218		0.00
0.05572122329375813	0.05255550617733088	0.8362932276557486	0.055430042873162354		0.00
0.24592470560469343	0.23660511121277433	0.2713511018089089	0.24611908137362337		0.00
0.1926888655662116	0.4494651006033372	0.17006149234600149	0.1877845414844498		0.00
0.5428749741130974	0.15039495276017403	0.14842889820986335	0.15830117491686518		0.00
0.18924343595003437	0.17716057054385745	0.17701573250435065	0.45658026100175747		0.00
0.24760414552087967	0.2634466657902382	0.24178761125281992	0.2471615774360622		0.00
0.24967825711336503	0.23400975830860107	0.26958302895697106	0.24672895562106287		0.00
0.24956587702133456	0.23940166398018461	0.2622874783124231	0.2487449806860577		0.00
0.2501065042321609	0.2506422650379063	0.250344636057706	0.24890659467222673		0.00
0.24063863244029843	0.23057665685687095	0.23134995522245955	0.29743475548037107		0.00
0.5312970667797134	0.1575298207115791	0.15034746363227908	0.16082564887642833		0.00
0.24312072265470727	0.23554890555313773	0.23193257698719913	0.2893977948049559		0.00
