6.844236567212176E-6	6.6649404593058905E-6	0.9999781055588518	8.385264121751417E-6		0.00
0.22693451455447292	0.30606616038457424	0.23279517171647424	0.23420415334447864		0.00
0.30602473200251834	0.22051606160487813	0.22153996942059104	0.2519192369720126		0.00
2.84366736116869E-5	2.3587107029362213E-5	2.8587347381506755E-5	0.9999193888719775		0.00
0.9999931185685328	1.7664862527188399E-6	2.297642808874481E-6	2.8173024057845078E-6		0.00
0.2504576344464595	0.24888284927109486	0.24932873762728666	0.251330778655159		0.00
0.2483671494200384	0.2506610338671752	0.25000908324316584	0.25096273346962056		0.00
0.24978290857887855	0.2493847926256972	0.2517036410230038	0.24912865777242038		0.00
0.10416883355396203	0.10174286806134092	0.685971718314179	0.10811658007051801		0.00
0.22675341320279713	0.22444738407100426	0.3147493711821398	0.23404983154405873		0.00
0.251076305079891	0.24764713046080283	0.2516894317557994	0.24958713270350683		0.00
0.2515333077053241	0.2478669757446218	0.2508584124975386	0.24974130405251552		0.00
0.24765996234038185	0.2500808985837157	0.25168798940681253	0.25057114966908994		0.00
0.20258439531471883	0.38808873556458534	0.20457511351810337	0.2047517556025924		0.05
0.24651323320295102	0.25455607720367623	0.2476662373294084	0.25126445226396443		0.00
0.24645908800371139	0.2578133887458978	0.24750212005373398	0.24822540319665684		0.00
0.25297406243920995	0.2483850964128177	0.24927847362455632	0.2493623675234161		0.00
0.2488342613254014	0.24902975282828987	0.25291530317874666	0.24922068266756212		0.00
0.24829187155790328	0.24999139989691915	0.24893023684196997	0.25278649170320755		0.00
0.38456112729826636	0.18916775957301432	0.2104555087226692	0.21581560440605022		0.00
0.24282167313558065	0.26283080166507816	0.24663669526955376	0.24771082992978743		0.00
0.20042185362037326	0.39119141016169445	0.20389094064532534	0.204495795572607		1.00
0.2486997128135415	0.24802228478565902	0.2511364776425859	0.2521415247582135		0.00
0.2498248474484635	0.2500652246397956	0.25012647284136014	0.24998345507038078		0.00
0.24422440928382627	0.2609588714937917	0.2487912464106356	0.24602547281174644		0.00
0.24935734899292888	0.2517542777503971	0.24943887285482197	0.24944950040185207		0.00
0.8282988237852859	0.054914524192332566	0.058042951533201624	0.05874370048917999		0.00
0.2530705862575802	0.25125212344056175	0.24646017605409487	0.2492171142477631		0.00
0.20596140136903318	0.3771673992088059	0.2079071653169074	0.2089640341052535		0.00
0.24948709198643412	0.25053614546196556	0.24950157771092354	0.2504751848406769		0.00
3.7954051541591808E-6	0.9999873024247831	4.400853684363693E-6	4.501316378602713E-6		0.00
0.21243191529335662	0.31676282472359363	0.23290138401188748	0.23790387597116225		0.00
0.21400126337345904	0.3113157979599683	0.23404449489690024	0.24063844376967228		0.00
0.23123549466497054	0.23188328784712336	0.2999164253809855	0.23696479210692048		0.00
0.2474349148972709	0.24102314543347914	0.2612728643730655	0.2502690752961845		0.00
0.16331852679386713	0.15750958312317115	0.1681807589751368	0.5109911311078249		0.00
0.5955091570114486	0.12256197533842549	0.1378595648440628	0.14406930280606303		0.00
0.24984741817343226	0.2504264626510787	0.2491696377486142	0.2505564814268747		0.00
0.24027004348152084	0.26357369438471046	0.2475512100163473	0.2486050521174214		0.00
0.05244664480838576	0.8366896527390896	0.05528058258157969	0.055583119870944976		0.00
0.23660809480586523	0.27134877221773235	0.24612140838115243	0.24592172459525008		0.00
0.44958683654239157	0.17003813010584667	0.1877428945708798	0.1926321387808819		0.00
0.1503918203853212	0.14842174362209207	0.15829518627985928	0.5428912497127275		0.00
0.17715923028286842	0.17700998049714894	0.45658756468112743	0.18924322453885525		0.00
0.26343305907291703	0.2417880067614927	0.2471684344726656	0.24761049969292462		0.00
0.23401434992832898	0.2695545258814187	0.24674450252888286	0.24968662166136946		0.00
0.23940439443876832	0.26227154493264176	0.24875306821957094	0.249570992409019		0.00
0.25064231678618326	0.25034387574631417	0.24890711795353657	0.2501066895139661		0.00
0.2305789546363645	0.23134389199011018	0.29743994670111545	0.24063720667240984		0.00
0.15751432484227468	0.15032498583529755	0.1608033627438241	0.5313573265786037		0.00
0.23555411210641722	0.23193015734441152	0.2893965677212659	0.24311916282790538		0.00
