0.3333346997540802	0.333333063642827	0.3333322366030928		2gram_menor/20newsGroup_science_Maid/sci.crypt
0.3333344862468908	0.3333330318021381	0.3333324819509711		2gram_menor/20newsGroup_science_Maid/sci.crypt
0.3333336887989633	0.3333333713161662	0.33333293988487045		2gram_menor/20newsGroup_science_Maid/sci.crypt
0.3333330333566332	0.33333306924027095	0.33333389740309594		2gram_menor/20newsGroup_science_Maid/sci.crypt
0.333333560715647	0.33333355034779705	0.3333328889365558		2gram_menor/20newsGroup_science_Maid/sci.crypt
0.33333298667643274	0.3333329803522839	0.33333403297128333		2gram_menor/20newsGroup_science_Maid/sci.crypt
0.3333333070293165	0.3333335136966127	0.33333317927407086		2gram_menor/20newsGroup_science_Maid/sci.crypt
0.33333381135673756	0.3333334059682619	0.33333278267500066		2gram_menor/20newsGroup_science_Maid/sci.crypt
0.3333327733713332	0.3333332345788258	0.3333339920498411		2gram_menor/20newsGroup_science_Maid/sci.crypt
0.33333340997705796	0.333333109412145	0.333333480610797		2gram_menor/20newsGroup_science_Maid/sci.crypt
0.3333332388120039	0.33333333973774104	0.333333421450255		2gram_menor/20newsGroup_science_Maid/sci.crypt
0.3333326414003701	0.33333331121510346	0.3333340473845263		2gram_menor/20newsGroup_science_Maid/sci.crypt
0.3333333430486759	0.3333332731996513	0.33333338375167276		2gram_menor/20newsGroup_science_Maid/sci.crypt
0.33333328366189513	0.3333336230570153	0.3333330932810895		2gram_menor/20newsGroup_science_Maid/sci.crypt
0.33333254224979514	0.333332753988388	0.3333347037618169		2gram_menor/20newsGroup_science_Maid/sci.crypt
0.333331702341325	0.3333326894583473	0.33333560820032776		2gram_menor/20newsGroup_science_Maid/sci.crypt
0.33333376561109423	0.33333300542263095	0.3333332289662748		2gram_menor/20newsGroup_science_Maid/sci.crypt
0.3333333617362612	0.33333349591452316	0.3333331423492156		2gram_menor/20newsGroup_science_Maid/sci.crypt
0.3333337079439772	0.3333332039692403	0.3333330880867824		2gram_menor/20newsGroup_science_Maid/sci.crypt
0.33333268493167695	0.3333329573841389	0.3333343576841842		2gram_menor/20newsGroup_science_Maid/sci.crypt
0.3333333950651838	0.3333333921864083	0.3333332127484081		2gram_menor/20newsGroup_science_Maid/sci.crypt
0.3333333959772264	0.3333334829577176	0.33333312106505597		2gram_menor/20newsGroup_science_Maid/sci.crypt
0.33333365563283707	0.33333320593940996	0.333333138427753		2gram_menor/20newsGroup_science_Maid/sci.crypt
0.3333331914108657	0.33333315084114895	0.3333336577479854		2gram_menor/20newsGroup_science_Maid/sci.crypt
0.33333309175566217	0.33333366768477835	0.33333324055955943		2gram_menor/20newsGroup_science_Maid/sci.crypt
0.33333306869898516	0.3333333452261298	0.33333358607488506		2gram_menor/20newsGroup_science_Maid/sci.crypt
0.33333298375121995	0.33333345081556204	0.333333565433218		2gram_menor/20newsGroup_science_Maid/sci.crypt
0.333332030280998	0.333333417292141	0.3333345524268611		2gram_menor/20newsGroup_science_Maid/sci.crypt
0.33333310783299247	0.3333332027286661	0.33333368943834135		2gram_menor/20newsGroup_science_Maid/sci.crypt
0.33333353152830625	0.3333333156421474	0.33333315282954634		2gram_menor/20newsGroup_science_Maid/sci.crypt
0.33333373025452057	0.3333333036916837	0.33333296605379575		2gram_menor/20newsGroup_science_Maid/sci.crypt
0.33333379105632704	0.3333332969893905	0.33333291195428233		2gram_menor/20newsGroup_science_Maid/sci.crypt
0.33333360143718266	0.33333340536074896	0.3333329932020684		2gram_menor/20newsGroup_science_Maid/sci.crypt
0.33333381237027954	0.33333340896042457	0.33333277866929584		2gram_menor/20newsGroup_science_Maid/sci.crypt
0.3333326156279406	0.33333332661913667	0.33333405775292263		2gram_menor/20newsGroup_science_Maid/sci.crypt
0.33333344210519295	0.33333314840209427	0.33333340949271273		2gram_menor/20newsGroup_science_Maid/sci.crypt
0.33333316902609783	0.3333334326044454	0.3333333983694567		2gram_menor/20newsGroup_science_Maid/sci.crypt
0.3333325904567588	0.33333339868403394	0.33333401085920733		2gram_menor/20newsGroup_science_Maid/sci.crypt
0.33333175105230434	0.3333334254219055	0.3333348235257901		2gram_menor/20newsGroup_science_Maid/sci.crypt
0.3333324669443839	0.3333335172846878	0.3333340157709282		2gram_menor/20newsGroup_science_Maid/sci.crypt
0.33333300222825485	0.33333329505676945	0.3333337027149757		2gram_menor/20newsGroup_science_Maid/sci.crypt
0.3333335220098402	0.3333333739001179	0.3333331040900419		2gram_menor/20newsGroup_science_Maid/sci.crypt
0.3333326990872864	0.3333339178532964	0.33333338305941723		2gram_menor/20newsGroup_science_Maid/sci.crypt
0.3333332820500596	0.33333360661430905	0.3333331113356314		2gram_menor/20newsGroup_science_Maid/sci.crypt
0.3333322671557982	0.33333330043204906	0.3333344324121527		2gram_menor/20newsGroup_science_Maid/sci.crypt
0.3333327049845077	0.3333335981104322	0.33333369690506015		2gram_menor/20newsGroup_science_Maid/sci.crypt
0.3333323965331048	0.33333285002187313	0.333334753445022		2gram_menor/20newsGroup_science_Maid/sci.crypt
0.33333283430047395	0.33333347952430986	0.3333336861752162		2gram_menor/20newsGroup_science_Maid/sci.crypt
0.33333315037155997	0.33333324815588433	0.3333336014725558		2gram_menor/20newsGroup_science_Maid/sci.crypt
0.33333290402293925	0.3333334438923306	0.3333336520847302		2gram_menor/20newsGroup_science_Maid/sci.crypt
0.33333313071697845	0.33333370930654965	0.3333331599764719		2gram_menor/20newsGroup_science_Maid/sci.crypt
0.3333334797245001	0.3333334895351849	0.33333303074031506		2gram_menor/20newsGroup_science_Maid/sci.crypt
0.3333334855051438	0.3333333154377572	0.333333199057099		2gram_menor/20newsGroup_science_Maid/sci.crypt
0.33333294202629343	0.333333380781051	0.3333336771926555		2gram_menor/20newsGroup_science_Maid/sci.crypt
0.33333377425864064	0.3333333553303991	0.3333328704109604		2gram_menor/20newsGroup_science_Maid/sci.crypt
0.33333389358825666	0.33333338572165605	0.33333272069008724		2gram_menor/20newsGroup_science_Maid/sci.crypt
0.33333440202913867	0.3333333202567159	0.3333322777141452		2gram_menor/20newsGroup_science_Maid/sci.crypt
0.3333323239846204	0.3333333297572036	0.3333343462581761		2gram_menor/20newsGroup_science_Maid/sci.crypt
0.3333335030111909	0.33333331427032237	0.3333331827184868		2gram_menor/20newsGroup_science_Maid/sci.crypt
0.3333336675444723	0.3333334792773628	0.33333285317816486		2gram_menor/20newsGroup_science_Maid/sci.crypt
0.33333295134123264	0.33333307180342586	0.33333397685534155		2gram_menor/20newsGroup_science_Maid/sci.crypt
0.3333329565045584	0.3333330072945115	0.3333340362009301		2gram_menor/20newsGroup_science_Maid/sci.crypt
0.33333358602759194	0.33333336726274904	0.3333330467096591		2gram_menor/20newsGroup_science_Maid/sci.crypt
0.33333331654845005	0.3333334716712983	0.33333321178025155		2gram_menor/20newsGroup_science_Maid/sci.crypt
0.3333334548269125	0.33333349253785616	0.33333305263523133		2gram_menor/20newsGroup_science_Maid/sci.crypt
0.3333325572218556	0.33333350960874725	0.3333339331693971		2gram_menor/20newsGroup_science_Maid/sci.crypt
0.333333106109133	0.3333332512072904	0.3333336426835766		2gram_menor/20newsGroup_science_Maid/sci.crypt
0.33333351936899847	0.3333333366434032	0.3333331439875982		2gram_menor/20newsGroup_science_Maid/sci.crypt
0.33333282948231524	0.3333326894559783	0.3333344810617064		2gram_menor/20newsGroup_science_Maid/sci.crypt
0.3333332472443489	0.33333296112160765	0.33333379163404353		2gram_menor/20newsGroup_science_Maid/sci.crypt
0.3333324188731689	0.3333339137243668	0.3333336674024643		2gram_menor/20newsGroup_science_Maid/sci.crypt
0.3333321280212638	0.3333331019880762	0.33333476999066		2gram_menor/20newsGroup_science_Maid/sci.crypt
0.3333333488422634	0.3333334945853365	0.33333315657240004		2gram_menor/20newsGroup_science_Maid/sci.crypt
0.33333381918440647	0.3333333761868235	0.3333328046287701		2gram_menor/20newsGroup_science_Maid/sci.crypt
0.3333336182704325	0.33333317544719904	0.33333320628236857		2gram_menor/20newsGroup_science_Maid/sci.crypt
0.3333331968962927	0.333333677221787	0.3333331258819204		2gram_menor/20newsGroup_science_Maid/sci.crypt
0.3333334441321563	0.3333334311548853	0.33333312471295834		2gram_menor/20newsGroup_science_Maid/sci.crypt
0.3333331925445587	0.3333333251315489	0.33333348232389237		2gram_menor/20newsGroup_science_Maid/sci.crypt
0.3333335444944391	0.33333322824321265	0.3333332272623483		2gram_menor/20newsGroup_science_Maid/sci.crypt
0.3333329780736593	0.33333328645894716	0.3333337354673935		2gram_menor/20newsGroup_science_Maid/sci.crypt
0.3333333832406264	0.33333333753861033	0.3333332792207633		2gram_menor/20newsGroup_science_Maid/sci.crypt
0.3333331678308106	0.3333331671044	0.3333336650647894		2gram_menor/20newsGroup_science_Maid/sci.crypt
0.3333333812304527	0.33333328558557274	0.3333333331839745		2gram_menor/20newsGroup_science_Maid/sci.crypt
0.3333330558217218	0.3333331831030327	0.3333337610752454		2gram_menor/20newsGroup_science_Maid/sci.crypt
0.33333325699184296	0.3333331360843861	0.333333606923771		2gram_menor/20newsGroup_science_Maid/sci.crypt
0.3333327023931649	0.3333337298941257	0.3333335677127093		2gram_menor/20newsGroup_science_Maid/sci.crypt
0.33333301156087747	0.333333638827855	0.33333334961126754		2gram_menor/20newsGroup_science_Maid/sci.crypt
0.33333347792263807	0.333333150996673	0.33333337108068906		2gram_menor/20newsGroup_science_Maid/sci.crypt
0.3333333007088234	0.3333332616921493	0.3333334375990274		2gram_menor/20newsGroup_science_Maid/sci.crypt
0.3333343586811669	0.33333323663201364	0.3333324046868195		2gram_menor/20newsGroup_science_Maid/sci.crypt
0.33333222809428503	0.3333340718924248	0.33333370001329016		2gram_menor/20newsGroup_science_Maid/sci.crypt
0.33333374919344155	0.3333331864488521	0.3333330643577063		2gram_menor/20newsGroup_science_Maid/sci.crypt
0.33333369528844864	0.33333355912189877	0.3333327455896526		2gram_menor/20newsGroup_science_Maid/sci.crypt
0.33333281652458124	0.33333322148178196	0.3333339619936368		2gram_menor/20newsGroup_science_Maid/sci.crypt
0.3333335176757791	0.3333334256443174	0.33333305667990354		2gram_menor/20newsGroup_science_Maid/sci.crypt
0.3333330634401878	0.33333355648677016	0.33333338007304186		2gram_menor/20newsGroup_science_Maid/sci.crypt
0.33333361119035515	0.3333332267004289	0.333333162109216		2gram_menor/20newsGroup_science_Maid/sci.crypt
0.33333352059359755	0.33333328695429126	0.3333331924521111		2gram_menor/20newsGroup_science_Maid/sci.crypt
0.3333333846843751	0.33333324659349745	0.33333336872212743		2gram_menor/20newsGroup_science_Maid/sci.crypt
0.33333325956879317	0.33333324963284033	0.3333334907983666		2gram_menor/20newsGroup_science_Maid/sci.crypt
0.3333337231981535	0.33333315982569217	0.3333331169761543		2gram_menor/20newsGroup_science_Maid/sci.crypt
0.33333336312582834	0.3333334110498212	0.33333322582435054		2gram_menor/20newsGroup_science_Maid/sci.crypt
0.33333339828172676	0.3333332434615721	0.3333333582567013		2gram_menor/20newsGroup_science_Maid/sci.crypt
0.33333398564601535	0.3333331866033856	0.3333328277505991		2gram_menor/20newsGroup_science_Maid/sci.crypt
0.33333322552777617	0.33333321933757837	0.33333355513464535		2gram_menor/20newsGroup_science_Maid/sci.crypt
0.3333327893039143	0.33333286068611506	0.3333343500099706		2gram_menor/20newsGroup_science_Maid/sci.crypt
0.33333333853320346	0.33333332743689137	0.33333333402990506		2gram_menor/20newsGroup_science_Maid/sci.crypt
0.3333333572926542	0.33333326914448247	0.3333333735628633		2gram_menor/20newsGroup_science_Maid/sci.crypt
0.3333335799330168	0.3333331261128846	0.3333332939540985		2gram_menor/20newsGroup_science_Maid/sci.crypt
0.3333325815819441	0.33333347865332186	0.33333393976473397		2gram_menor/20newsGroup_science_Maid/sci.crypt
0.33333373769655067	0.3333337118823467	0.33333255042110277		2gram_menor/20newsGroup_science_Maid/sci.crypt
0.3333335994907016	0.3333329971871006	0.3333334033221978		2gram_menor/20newsGroup_science_Maid/sci.crypt
0.33333329548735097	0.33333352847389447	0.3333331760387546		2gram_menor/20newsGroup_science_Maid/sci.crypt
0.333334121578757	0.3333333204500441	0.33333255797119893		2gram_menor/20newsGroup_science_Maid/sci.crypt
0.3333337981144684	0.3333332090684683	0.3333329928170633		2gram_menor/20newsGroup_science_Maid/sci.crypt
0.3333338457819861	0.3333334868746945	0.3333326673433194		2gram_menor/20newsGroup_science_Maid/sci.crypt
0.33333054910817467	0.33333307879029067	0.3333363721015347		2gram_menor/20newsGroup_science_Maid/sci.crypt
0.3333341201220741	0.3333333270553417	0.33333255282258406		2gram_menor/20newsGroup_science_Maid/sci.crypt
0.33333335537849207	0.3333334619393062	0.33333318268220175		2gram_menor/20newsGroup_science_Maid/sci.crypt
0.33333361756653246	0.3333334940979561	0.33333288833551133		2gram_menor/20newsGroup_science_Maid/sci.crypt
0.33333370278138397	0.3333331765926903	0.3333331206259256		2gram_menor/20newsGroup_science_Maid/sci.crypt
0.33333267860944044	0.33333379966083676	0.33333352172972286		2gram_menor/20newsGroup_science_Maid/sci.crypt
0.33333314245455786	0.3333334959881387	0.33333336155730336		2gram_menor/20newsGroup_science_Maid/sci.crypt
0.3333330989406751	0.33333324520081387	0.3333336558585111		2gram_menor/20newsGroup_science_Maid/sci.crypt
0.33333335021760496	0.3333337671170191	0.3333328826653759		2gram_menor/20newsGroup_science_Maid/sci.crypt
0.33333309778971454	0.3333334828576086	0.3333334193526768		2gram_menor/20newsGroup_science_Maid/sci.crypt
0.33333330966150515	0.3333335093474489	0.33333318099104586		2gram_menor/20newsGroup_science_Maid/sci.crypt
0.33333359471616497	0.33333334024769173	0.33333306503614335		2gram_menor/20newsGroup_science_Maid/sci.crypt
0.33333329102394166	0.33333351655641447	0.3333331924196439		2gram_menor/20newsGroup_science_Maid/sci.crypt
0.3333338720213971	0.3333332928899316	0.33333283508867123		2gram_menor/20newsGroup_science_Maid/sci.crypt
0.33333308947523377	0.3333332185470969	0.3333336919776693		2gram_menor/20newsGroup_science_Maid/sci.crypt
0.333333805535037	0.33333313882243787	0.33333305564252524		2gram_menor/20newsGroup_science_Maid/sci.crypt
0.3333329579688118	0.33333373162359525	0.3333333104075929		2gram_menor/20newsGroup_science_Maid/sci.crypt
0.3333329646684872	0.33333348913217986	0.333333546199333		2gram_menor/20newsGroup_science_Maid/sci.crypt
0.3333336524942838	0.33333305475160807	0.3333332927541081		2gram_menor/20newsGroup_science_Maid/sci.crypt
0.3333331064314265	0.333333231369623	0.33333366219895044		2gram_menor/20newsGroup_science_Maid/sci.crypt
0.3333333397470315	0.3333331793110486	0.33333348094191995		2gram_menor/20newsGroup_science_Maid/sci.crypt
0.33333256195147276	0.33333369073072555	0.3333337473178017		2gram_menor/20newsGroup_science_Maid/sci.crypt
0.33333341124902915	0.33333322632355566	0.3333333624274151		2gram_menor/20newsGroup_science_Maid/sci.crypt
0.3333332659210962	0.33333325794496566	0.33333347613393816		2gram_menor/20newsGroup_science_Maid/sci.crypt
0.3333333056250614	0.3333334731780609	0.3333332211968777		2gram_menor/20newsGroup_science_Maid/sci.crypt
0.3333337724767955	0.3333333868610879	0.3333328406621166		2gram_menor/20newsGroup_science_Maid/sci.crypt
0.3333331760714902	0.3333334611947033	0.3333333627338064		2gram_menor/20newsGroup_science_Maid/sci.crypt
0.3333334968915963	0.33333309250215176	0.333333410606252		2gram_menor/20newsGroup_science_Maid/sci.crypt
0.33333373464697624	0.3333332897654215	0.3333329755876022		2gram_menor/20newsGroup_science_Maid/sci.crypt
0.3333335788910229	0.33333326158312604	0.33333315952585113		2gram_menor/20newsGroup_science_Maid/sci.crypt
0.33333347556047027	0.333333435730828	0.33333308870870165		2gram_menor/20newsGroup_science_Maid/sci.crypt
0.3333331905041476	0.33333347161397775	0.33333333788187447		2gram_menor/20newsGroup_science_Maid/sci.crypt
0.33333327408438224	0.33333304500449795	0.33333368091111976		2gram_menor/20newsGroup_science_Maid/sci.crypt
0.33333373527349136	0.3333332305437737	0.333333034182735		2gram_menor/20newsGroup_science_Maid/sci.crypt
0.33333366829418953	0.3333332103237285	0.33333312138208204		2gram_menor/20newsGroup_science_Maid/sci.crypt
0.3333328794336279	0.3333335743131621	0.33333354625321		2gram_menor/20newsGroup_science_Maid/sci.crypt
0.3333333998813676	0.3333332117746683	0.3333333883439641		2gram_menor/20newsGroup_science_Maid/sci.crypt
0.33333287011257157	0.3333333097429677	0.3333338201444607		2gram_menor/20newsGroup_science_Maid/sci.crypt
0.3333331924098664	0.333333444073843	0.3333333635162906		2gram_menor/20newsGroup_science_Maid/sci.crypt
0.3333340663690934	0.33333321309670166	0.33333272053420493		2gram_menor/20newsGroup_science_Maid/sci.crypt
0.3333331265567634	0.33333358385978507	0.3333332895834515		2gram_menor/20newsGroup_science_Maid/sci.crypt
0.3333333927852268	0.3333335719528893	0.33333303526188385		2gram_menor/20newsGroup_science_Maid/sci.crypt
0.3333324619324949	0.33333354274670984	0.3333339953207953		2gram_menor/20newsGroup_science_Maid/sci.crypt
0.33333392415556296	0.33333341393225135	0.33333266191218575		2gram_menor/20newsGroup_science_Maid/sci.crypt
0.3333332998153139	0.3333336556727229	0.33333304451196316		2gram_menor/20newsGroup_science_Maid/sci.crypt
0.33333385659094356	0.3333330477256697	0.33333309568338687		2gram_menor/20newsGroup_science_Maid/sci.crypt
0.33333178794175833	0.3333336946622315	0.33333451739601017		2gram_menor/20newsGroup_science_Maid/sci.crypt
0.33333311575152075	0.3333334364392666	0.33333344780921254		2gram_menor/20newsGroup_science_Maid/sci.crypt
0.33333315221478266	0.33333294510431666	0.3333339026809006		2gram_menor/20newsGroup_science_Maid/sci.crypt
0.33333278314788284	0.33333362987447646	0.33333358697764076		2gram_menor/20newsGroup_science_Maid/sci.crypt
0.33333200027514714	0.3333330604024624	0.33333493932239033		2gram_menor/20newsGroup_science_Maid/sci.crypt
0.33333162444779546	0.3333333284144177	0.3333350471377867		2gram_menor/20newsGroup_science_Maid/sci.crypt
0.3333329275508134	0.3333337960582359	0.3333332763909506		2gram_menor/20newsGroup_science_Maid/sci.crypt
0.3333332419891814	0.3333335943516909	0.3333331636591277		2gram_menor/20newsGroup_science_Maid/sci.crypt
0.3333334407898588	0.33333340415109025	0.3333331550590509		2gram_menor/20newsGroup_science_Maid/sci.crypt
0.33333286370454196	0.3333336424922168	0.3333334938032413		2gram_menor/20newsGroup_science_Maid/sci.crypt
0.33333350629374714	0.33333348874575824	0.33333300496049467		2gram_menor/20newsGroup_science_Maid/sci.crypt
0.3333333655530389	0.33333331749715095	0.33333331694981017		2gram_menor/20newsGroup_science_Maid/sci.crypt
0.3333327723502736	0.3333336052921288	0.33333362235759756		2gram_menor/20newsGroup_science_Maid/sci.crypt
0.33333345252909446	0.3333330368607851	0.3333335106101204		2gram_menor/20newsGroup_science_Maid/sci.crypt
0.3333334678393319	0.33333335680798626	0.3333331753526818		2gram_menor/20newsGroup_science_Maid/sci.crypt
0.3333331033426714	0.3333332857410393	0.33333361091628927		2gram_menor/20newsGroup_science_Maid/sci.crypt
0.33333337081597153	0.3333334670047253	0.33333316217930314		2gram_menor/20newsGroup_science_Maid/sci.crypt
0.3333326890404826	0.33333277203692446	0.33333453892259285		2gram_menor/20newsGroup_science_Maid/sci.crypt
0.33333361985186105	0.3333334973650807	0.3333328827830582		2gram_menor/20newsGroup_science_Maid/sci.crypt
0.3333331334020282	0.33333345381234275	0.33333341278562906		2gram_menor/20newsGroup_science_Maid/sci.crypt
0.3333337726254331	0.3333333565235696	0.3333328708509973		2gram_menor/20newsGroup_science_Maid/sci.crypt
0.3333321176074036	0.33333364605930643	0.33333423633329		2gram_menor/20newsGroup_science_Maid/sci.crypt
0.3333333596978901	0.3333334915041936	0.3333331487979165		2gram_menor/20newsGroup_science_Maid/sci.crypt
0.33333371103151055	0.3333333095039066	0.3333329794645829		2gram_menor/20newsGroup_science_Maid/sci.crypt
0.33333340586336857	0.3333334176451558	0.3333331764914757		2gram_menor/20newsGroup_science_Maid/sci.crypt
0.3333333595158801	0.3333333677412093	0.3333332727429105		2gram_menor/20newsGroup_science_Maid/sci.crypt
0.333333716593859	0.33333334022805067	0.3333329431780904		2gram_menor/20newsGroup_science_Maid/sci.crypt
0.3333330520372407	0.33333349044521543	0.3333334575175438		2gram_menor/20newsGroup_science_Maid/sci.crypt
0.33333270073771903	0.33333369147078407	0.33333360779149696		2gram_menor/20newsGroup_science_Maid/sci.crypt
0.33333375175700053	0.33333332538662014	0.3333329228563793		2gram_menor/20newsGroup_science_Maid/sci.crypt
0.33333356464567454	0.3333333477380578	0.3333330876162676		2gram_menor/20newsGroup_science_Maid/sci.crypt
0.3333329404436407	0.33333364326642784	0.33333341628993146		2gram_menor/20newsGroup_science_Maid/sci.crypt
0.33333350870657036	0.3333334967787982	0.3333329945146315		2gram_menor/20newsGroup_science_Maid/sci.crypt
0.3333331679178855	0.3333335204710041	0.33333331161111046		2gram_menor/20newsGroup_science_Maid/sci.crypt
0.3333339841741318	0.3333333164518451	0.3333326993740231		2gram_menor/20newsGroup_science_Maid/sci.crypt
0.33333373956525925	0.3333333489073101	0.33333291152743066		2gram_menor/20newsGroup_science_Maid/sci.crypt
0.333333422523972	0.3333331476645305	0.33333342981149755		2gram_menor/20newsGroup_science_Maid/sci.crypt
0.3333334798586146	0.3333332242811355	0.33333329586024985		2gram_menor/20newsGroup_science_Maid/sci.crypt
0.3333335800610414	0.33333329281044816	0.3333331271285105		2gram_menor/20newsGroup_science_Maid/sci.crypt
0.33333279215322376	0.33333345582793816	0.3333337520188381		2gram_menor/20newsGroup_science_Maid/sci.crypt
0.333333715470078	0.3333334779920726	0.33333280653784947		2gram_menor/20newsGroup_science_Maid/sci.crypt
0.3333338320216483	0.33333329883016677	0.333332869148185		2gram_menor/20newsGroup_science_Maid/sci.crypt
0.333332564225081	0.33333337015512465	0.33333406561979434		2gram_menor/20newsGroup_science_Maid/sci.crypt
0.3333333720534258	0.3333332432395132	0.3333333847070611		2gram_menor/20newsGroup_science_Maid/sci.crypt
0.33333138590915534	0.33333363480093947	0.33333497928990524		2gram_menor/20newsGroup_science_Maid/sci.crypt
0.333333631932747	0.33333348908538474	0.33333287898186825		2gram_menor/20newsGroup_science_Maid/sci.crypt
0.3333331532218874	0.3333334693868109	0.33333337739130176		2gram_menor/20newsGroup_science_Maid/sci.crypt
0.3333337025221047	0.333333549492893	0.3333327479850024		2gram_menor/20newsGroup_science_Maid/sci.crypt
0.3333336234875795	0.3333333917189058	0.3333329847935147		2gram_menor/20newsGroup_science_Maid/sci.crypt
0.33333256369658776	0.3333331511184644	0.3333342851849478		2gram_menor/20newsGroup_science_Maid/sci.crypt
0.33333389612378206	0.33333341901524965	0.3333326848609685		2gram_menor/20newsGroup_science_Maid/sci.crypt
0.33333360666998885	0.33333344083573657	0.3333329524942746		2gram_menor/20newsGroup_science_Maid/sci.crypt
0.33333309730944455	0.3333334896801377	0.3333334130104177		2gram_menor/20newsGroup_science_Maid/sci.crypt
0.33333332502574364	0.33333337453528467	0.3333333004389718		2gram_menor/20newsGroup_science_Maid/sci.crypt
0.33333332006152644	0.3333334073500384	0.3333332725884351		2gram_menor/20newsGroup_science_Maid/sci.crypt
0.33333338934534656	0.3333332546157496	0.3333333560389038		2gram_menor/20newsGroup_science_Maid/sci.crypt
0.3333310938858548	0.33333367961656785	0.3333352264975773		2gram_menor/20newsGroup_science_Maid/sci.crypt
0.33332691971452	0.33333332164190876	0.3333397586435712		2gram_menor/20newsGroup_science_Maid/sci.crypt
0.33333362989340737	0.3333331320272486	0.33333323807934384		2gram_menor/20newsGroup_science_Maid/sci.crypt
0.33333337617801245	0.3333331530494977	0.3333334707724899		2gram_menor/20newsGroup_science_Maid/sci.crypt
0.3333332641455305	0.3333334133227192	0.33333332253175024		2gram_menor/20newsGroup_science_Maid/sci.crypt
0.33333319207416784	0.33333353719202313	0.333333270733809		2gram_menor/20newsGroup_science_Maid/sci.crypt
0.33333315482404535	0.33333351385008336	0.33333333132587123		2gram_menor/20newsGroup_science_Maid/sci.crypt
0.33333254835092213	0.3333334724357997	0.33333397921327823		2gram_menor/20newsGroup_science_Maid/sci.crypt
0.3333334171245329	0.33333306883740693	0.33333351403806016		2gram_menor/20newsGroup_science_Maid/sci.crypt
0.33333445461288097	0.3333333151552373	0.33333223023188174		2gram_menor/20newsGroup_science_Maid/sci.crypt
0.33333158719512873	0.3333328879059753	0.33333552489889595		2gram_menor/20newsGroup_science_Maid/sci.crypt
0.3333334619328354	0.3333333683086914	0.33333316975847316		2gram_menor/20newsGroup_science_Maid/sci.crypt
0.33333439482839317	0.33333340923004084	0.33333219594156605		2gram_menor/20newsGroup_science_Maid/sci.crypt
0.33333371586448657	0.3333334149182713	0.33333286921724214		2gram_menor/20newsGroup_science_Maid/sci.crypt
0.3333333155000768	0.3333331417572384	0.33333354274268495		2gram_menor/20newsGroup_science_Maid/sci.crypt
0.33333384046842224	0.33333331017963724	0.3333328493519406		2gram_menor/20newsGroup_science_Maid/sci.crypt
0.3333330520285875	0.3333335630625012	0.33333338490891135		2gram_menor/20newsGroup_science_Maid/sci.crypt
0.3333316518851095	0.3333336617121684	0.3333346864027221		2gram_menor/20newsGroup_science_Maid/sci.crypt
0.33333279640273605	0.3333335759452328	0.3333336276520312		2gram_menor/20newsGroup_science_Maid/sci.crypt
0.3333335876182894	0.33333325295536026	0.33333315942635033		2gram_menor/20newsGroup_science_Maid/sci.crypt
0.3333319402495602	0.33333389417191683	0.33333416557852286		2gram_menor/20newsGroup_science_Maid/sci.crypt
0.3333325350445004	0.333333469756287	0.33333399519921253		2gram_menor/20newsGroup_science_Maid/sci.crypt
0.3333330811430807	0.3333334738488629	0.33333344500805645		2gram_menor/20newsGroup_science_Maid/sci.crypt
0.3333335952948908	0.33333336495916	0.33333303974594913		2gram_menor/20newsGroup_science_Maid/sci.crypt
0.33333309265831657	0.3333335922386911	0.33333331510299247		2gram_menor/20newsGroup_science_Maid/sci.crypt
0.3333329913007191	0.33333356946575293	0.3333334392335279		2gram_menor/20newsGroup_science_Maid/sci.crypt
0.3333318059450179	0.333333423933656	0.3333347701213261		2gram_menor/20newsGroup_science_Maid/sci.crypt
0.3333332826413179	0.33333340261372635	0.33333331474495576		2gram_menor/20newsGroup_science_Maid/sci.crypt
0.3333333953930169	0.3333331362282367	0.33333346837874633		2gram_menor/20newsGroup_science_Maid/sci.crypt
0.33333324547985554	0.3333330926799282	0.3333336618402161		2gram_menor/20newsGroup_science_Maid/sci.crypt
0.333333104536106	0.33333335644464185	0.3333335390192522		2gram_menor/20newsGroup_science_Maid/sci.crypt
0.3333339791931834	0.33333327508219046	0.333332745724626		2gram_menor/20newsGroup_science_Maid/sci.crypt
0.3333336472648033	0.33333316563733706	0.33333318709785964		2gram_menor/20newsGroup_science_Maid/sci.crypt
0.33333371762383784	0.3333334706355261	0.33333281174063606		2gram_menor/20newsGroup_science_Maid/sci.crypt
0.33333319452794974	0.33333316976394006	0.3333336357081103		2gram_menor/20newsGroup_science_Maid/sci.crypt
0.33333361145561824	0.33333349352924907	0.3333328950151326		2gram_menor/20newsGroup_science_Maid/sci.crypt
0.3333339107862875	0.333333466774109	0.3333326224396035		2gram_menor/20newsGroup_science_Maid/sci.crypt
0.33333251806753633	0.3333334798289926	0.3333340021034711		2gram_menor/20newsGroup_science_Maid/sci.crypt
0.3333329187419238	0.33333311375032	0.3333339675077564		2gram_menor/20newsGroup_science_Maid/sci.crypt
0.33333148970364146	0.3333330734590082	0.3333354368373504		2gram_menor/20newsGroup_science_Maid/sci.crypt
0.3333318069148401	0.33333353981657643	0.33333465326858336		2gram_menor/20newsGroup_science_Maid/sci.crypt
0.3333336020130575	0.3333336213782322	0.3333327766087102		2gram_menor/20newsGroup_science_Maid/sci.crypt
0.33333331639391495	0.33333364853832215	0.333333035067763		2gram_menor/20newsGroup_science_Maid/sci.crypt
0.3333332703716566	0.33333349261270706	0.33333323701563633		2gram_menor/20newsGroup_science_Maid/sci.crypt
0.33333177729970137	0.33333343245732555	0.33333479024297313		2gram_menor/20newsGroup_science_Maid/sci.crypt
0.3333332098576293	0.33333364514372466	0.3333331449986461		2gram_menor/20newsGroup_science_Maid/sci.crypt
0.33333383574138864	0.3333332463627407	0.33333291789587066		2gram_menor/20newsGroup_science_Maid/sci.crypt
0.33333324957541255	0.33333348746575236	0.3333332629588351		2gram_menor/20newsGroup_science_Maid/sci.crypt
0.3333334756378211	0.33333309958747687	0.333333424774702		2gram_menor/20newsGroup_science_Maid/sci.crypt
0.3333340165645391	0.3333335832077409	0.33333240022772015		2gram_menor/20newsGroup_science_Maid/sci.crypt
0.33333414554305524	0.333333185340982	0.3333326691159627		2gram_menor/20newsGroup_science_Maid/sci.crypt
0.33333313663484015	0.33333370404440255	0.33333315932075713		2gram_menor/20newsGroup_science_Maid/sci.crypt
0.333333962153525	0.3333333812225633	0.33333265662391176		2gram_menor/20newsGroup_science_Maid/sci.crypt
0.33333366331273384	0.333333258667625	0.3333330780196411		2gram_menor/20newsGroup_science_Maid/sci.crypt
0.33333343485790345	0.33333336925916157	0.33333319588293503		2gram_menor/20newsGroup_science_Maid/sci.crypt
0.33333423144572294	0.3333333881189575	0.3333323804353195		2gram_menor/20newsGroup_science_Maid/sci.crypt
0.3333347198301504	0.33333332373791136	0.33333195643193825		2gram_menor/20newsGroup_science_Maid/sci.crypt
0.33333324622928234	0.3333332178667834	0.3333335359039343		2gram_menor/20newsGroup_science_Maid/sci.crypt
0.3333331863034114	0.3333336192082915	0.333333194488297		2gram_menor/20newsGroup_science_Maid/sci.crypt
0.33333393964627406	0.3333333412990604	0.33333271905466566		2gram_menor/20newsGroup_science_Maid/sci.crypt
0.3333337844101748	0.33333333506143764	0.33333288052838755		2gram_menor/20newsGroup_science_Maid/sci.crypt
0.33333173763364193	0.3333330674470576	0.3333351949193004		2gram_menor/20newsGroup_science_Maid/sci.crypt
0.33333321945816813	0.33333341849136927	0.33333336205046266		2gram_menor/20newsGroup_science_Maid/sci.crypt
0.33333381906647624	0.33333326531890684	0.33333291561461686		2gram_menor/20newsGroup_science_Maid/sci.crypt
0.33333360924149613	0.33333329950878243	0.3333330912497215		2gram_menor/20newsGroup_science_Maid/sci.crypt
0.3333323661909815	0.333333072236965	0.33333456157205354		2gram_menor/20newsGroup_science_Maid/sci.crypt
0.33333223840685516	0.3333334631046184	0.3333342984885263		2gram_menor/20newsGroup_science_Maid/sci.crypt
0.3333328964370506	0.33333396123322584	0.3333331423297236		2gram_menor/20newsGroup_science_Maid/sci.crypt
0.3333335466921967	0.3333332093817568	0.33333324392604635		2gram_menor/20newsGroup_science_Maid/sci.crypt
0.3333339309312496	0.33333347077680653	0.33333259829194395		2gram_menor/20newsGroup_science_Maid/sci.crypt
0.3333329969953376	0.3333335409895125	0.33333346201514985		2gram_menor/20newsGroup_science_Maid/sci.crypt
0.33333228339901777	0.33333320155576335	0.333334515045219		2gram_menor/20newsGroup_science_Maid/sci.crypt
0.33333308143455986	0.3333337172863355	0.33333320127910465		2gram_menor/20newsGroup_science_Maid/sci.crypt
0.33333378643798356	0.3333334436908541	0.33333276987116234		2gram_menor/20newsGroup_science_Maid/sci.crypt
0.33333391153189473	0.3333331540751013	0.33333293439300404		2gram_menor/20newsGroup_science_Maid/sci.crypt
0.3333339963304505	0.333333260616023	0.33333274305352645		2gram_menor/20newsGroup_science_Maid/sci.crypt
0.3333319225051835	0.3333332464531812	0.33333483104163514		2gram_menor/20newsGroup_science_Maid/sci.crypt
0.33333303354656235	0.3333331876806707	0.33333377877276704		2gram_menor/20newsGroup_science_Maid/sci.crypt
0.33333156882716425	0.3333338333204535	0.33333459785238223		2gram_menor/20newsGroup_science_Maid/sci.crypt
0.3333340030396121	0.33333323356622835	0.3333327633941597		2gram_menor/20newsGroup_science_Maid/sci.crypt
0.3333341197580453	0.33333329760008906	0.33333258264186577		2gram_menor/20newsGroup_science_Maid/sci.crypt
0.33333327748536234	0.3333335405536283	0.3333331819610093		2gram_menor/20newsGroup_science_Maid/sci.crypt
0.33333415852384995	0.33333329405148515	0.33333254742466506		2gram_menor/20newsGroup_science_Maid/sci.crypt
0.3333335569571327	0.3333333816031885	0.3333330614396788		2gram_menor/20newsGroup_science_Maid/sci.crypt
0.3333337397129591	0.3333333095073942	0.3333329507796467		2gram_menor/20newsGroup_science_Maid/sci.crypt
0.33333371342906726	0.33333332048238545	0.33333296608854723		2gram_menor/20newsGroup_science_Maid/sci.crypt
0.3333339957900104	0.3333332448796067	0.33333275933038287		2gram_menor/20newsGroup_science_Maid/sci.crypt
0.3333336134408029	0.3333334035037685	0.3333329830554286		2gram_menor/20newsGroup_science_Maid/sci.crypt
0.3333337306790039	0.3333331811439414	0.33333308817705465		2gram_menor/20newsGroup_science_Maid/sci.crypt
0.3333338223698057	0.33333329229253683	0.3333328853376574		2gram_menor/20newsGroup_science_Maid/sci.crypt
0.3333335480730718	0.33333351684851825	0.33333293507840994		2gram_menor/20newsGroup_science_Maid/sci.crypt
0.3333327510848903	0.3333335660434814	0.3333336828716283		2gram_menor/20newsGroup_science_Maid/sci.crypt
0.3333330834794475	0.3333332940854913	0.33333362243506115		2gram_menor/20newsGroup_science_Maid/sci.crypt
0.3333329933188009	0.33333339825860053	0.33333360842259846		2gram_menor/20newsGroup_science_Maid/sci.crypt
0.3333335273771001	0.33333331890620244	0.3333331537166976		2gram_menor/20newsGroup_science_Maid/sci.crypt
0.33333341699332536	0.333333261894737	0.33333332111193753		2gram_menor/20newsGroup_science_Maid/sci.crypt
0.333332867069252	0.33333335918816465	0.33333377374258344		2gram_menor/20newsGroup_science_Maid/sci.crypt
0.3333335076668601	0.33333334802416853	0.3333331443089714		2gram_menor/20newsGroup_science_Maid/sci.crypt
0.33333235599290184	0.3333336077088997	0.3333340362981985		2gram_menor/20newsGroup_science_Maid/sci.crypt
0.3333337634016885	0.33333334331835984	0.3333328932799517		2gram_menor/20newsGroup_science_Maid/sci.crypt
0.3333331397473116	0.33333316773046556	0.3333336925222229		2gram_menor/20newsGroup_science_Maid/sci.crypt
0.33333364910444224	0.3333331623792046	0.33333318851635313		2gram_menor/20newsGroup_science_Maid/sci.crypt
0.3333337419442846	0.33333340966428604	0.3333328483914294		2gram_menor/20newsGroup_science_Maid/sci.crypt
0.333333846470508	0.3333334804317372	0.33333267309775455		2gram_menor/20newsGroup_science_Maid/sci.crypt
0.33333359827895653	0.3333333195696607	0.33333308215138285		2gram_menor/20newsGroup_science_Maid/sci.crypt
0.3333334317406124	0.3333333089920571	0.33333325926733043		2gram_menor/20newsGroup_science_Maid/sci.crypt
0.33333367225064553	0.3333334294559441	0.3333328982934104		2gram_menor/20newsGroup_science_Maid/sci.crypt
0.333333025947534	0.3333335956226223	0.33333337842984373		2gram_menor/20newsGroup_science_Maid/sci.crypt
0.3333334504723862	0.33333318244135657	0.33333336708625716		2gram_menor/20newsGroup_science_Maid/sci.crypt
0.33333223197992917	0.33333357645939893	0.33333419156067196		2gram_menor/20newsGroup_science_Maid/sci.crypt
0.33333303733175634	0.3333334803672224	0.3333334823010213		2gram_menor/20newsGroup_science_Maid/sci.crypt
0.33333267105222	0.33333360828341	0.33333372066437		2gram_menor/20newsGroup_science_Maid/sci.crypt
0.3333330150789977	0.3333333627933243	0.333333622127678		2gram_menor/20newsGroup_science_Maid/sci.crypt
0.33333302592628405	0.33333356083060567	0.3333334132431102		2gram_menor/20newsGroup_science_Maid/sci.crypt
0.3333339046610817	0.3333332059606903	0.333332889378228		2gram_menor/20newsGroup_science_Maid/sci.crypt
0.3333334921483317	0.3333333954124788	0.3333331124391894		2gram_menor/20newsGroup_science_Maid/sci.crypt
0.3333331498671494	0.33333348832764853	0.33333336180520223		2gram_menor/20newsGroup_science_Maid/sci.crypt
0.3333320295733832	0.33333361297354536	0.33333435745307133		2gram_menor/20newsGroup_science_Maid/sci.crypt
0.33333349555180364	0.33333338660903233	0.3333331178391642		2gram_menor/20newsGroup_science_Maid/sci.crypt
0.3333342120915284	0.3333333762949375	0.3333324116135341		2gram_menor/20newsGroup_science_Maid/sci.crypt
0.3333337486530346	0.33333348267746193	0.3333327686695035		2gram_menor/20newsGroup_science_Maid/sci.crypt
0.3333330649056738	0.3333330365026417	0.3333338985916845		2gram_menor/20newsGroup_science_Maid/sci.crypt
0.33333377782428414	0.33333327289385906	0.3333329492818568		2gram_menor/20newsGroup_science_Maid/sci.crypt
0.3333334809853189	0.3333334280746659	0.3333330909400153		2gram_menor/20newsGroup_science_Maid/sci.crypt
0.33333346708349915	0.3333334918249855	0.3333330410915154		2gram_menor/20newsGroup_science_Maid/sci.crypt
0.33333349230398385	0.3333332791704143	0.33333322852560193		2gram_menor/20newsGroup_science_Maid/sci.crypt
0.33333266894523134	0.33333337698447063	0.333333954070298		2gram_menor/20newsGroup_science_Maid/sci.crypt
0.33333302644807933	0.33333344311780266	0.333333530434118		2gram_menor/20newsGroup_science_Maid/sci.crypt
0.3333336175111157	0.33333333293156997	0.33333304955731446		2gram_menor/20newsGroup_science_Maid/sci.crypt
0.3333334631596701	0.33333348712133554	0.33333304971899447		2gram_menor/20newsGroup_science_Maid/sci.crypt
0.33333316316553846	0.333333338547031	0.3333334982874305		2gram_menor/20newsGroup_science_Maid/sci.crypt
0.3333339540765126	0.33333323611138926	0.3333328098120982		2gram_menor/20newsGroup_science_Maid/sci.crypt
0.3333337891032925	0.3333332354491899	0.3333329754475176		2gram_menor/20newsGroup_science_Maid/sci.crypt
0.333333499561515	0.3333335418612962	0.3333329585771889		2gram_menor/20newsGroup_science_Maid/sci.crypt
0.3333334370474164	0.3333334193460354	0.33333314360654814		2gram_menor/20newsGroup_science_Maid/sci.crypt
0.33333281938760595	0.3333336668263753	0.33333351378601883		2gram_menor/20newsGroup_science_Maid/sci.crypt
0.33333345733800174	0.33333325356425486	0.33333328909774346		2gram_menor/20newsGroup_science_Maid/sci.crypt
0.3333331244236946	0.3333334582720711	0.33333341730423427		2gram_menor/20newsGroup_science_Maid/sci.crypt
0.3333331120863768	0.3333335553586457	0.3333333325549775		2gram_menor/20newsGroup_science_Maid/sci.crypt
0.3333331430744334	0.3333334842131364	0.3333333727124301		2gram_menor/20newsGroup_science_Maid/sci.crypt
0.33333382851684956	0.33333340403753237	0.33333276744561813		2gram_menor/20newsGroup_science_Maid/sci.crypt
0.333333335873744	0.33333332817870126	0.3333333359475546		2gram_menor/20newsGroup_science_Maid/sci.crypt
0.33333355647948526	0.33333342401442984	0.3333330195060849		2gram_menor/20newsGroup_science_Maid/sci.crypt
0.3333331195190275	0.33333326398879887	0.3333336164921737		2gram_menor/20newsGroup_science_Maid/sci.crypt
0.33333319522495636	0.3333334463810831	0.3333333583939606		2gram_menor/20newsGroup_science_Maid/sci.crypt
0.33333391241650395	0.3333333762624735	0.3333327113210226		2gram_menor/20newsGroup_science_Maid/sci.crypt
0.33333369894725406	0.3333334818872367	0.3333328191655091		2gram_menor/20newsGroup_science_Maid/sci.crypt
0.33333364641316343	0.3333333450940904	0.33333300849274616		2gram_menor/20newsGroup_science_Maid/sci.crypt
0.3333337478335251	0.3333334445239445	0.3333328076425304		2gram_menor/20newsGroup_science_Maid/sci.crypt
0.3333335285692799	0.3333334304253766	0.33333304100534356		2gram_menor/20newsGroup_science_Maid/sci.crypt
0.3333340713899733	0.33333329809841056	0.3333326305116161		2gram_menor/20newsGroup_science_Maid/sci.crypt
0.333333547421923	0.3333333815746855	0.33333307100339155		2gram_menor/20newsGroup_science_Maid/sci.crypt
0.33333364467140136	0.3333333905586161	0.33333296476998253		2gram_menor/20newsGroup_science_Maid/sci.crypt
0.33333332565805435	0.33333353004158406	0.3333331443003617		2gram_menor/20newsGroup_science_Maid/sci.crypt
0.33333287079616175	0.3333327972925715	0.3333343319112668		2gram_menor/20newsGroup_science_Maid/sci.crypt
0.33333296308774507	0.3333335865632793	0.33333345034897555		2gram_menor/20newsGroup_science_Maid/sci.crypt
0.3333336418655679	0.333333417300324	0.333332940834108		2gram_menor/20newsGroup_science_Maid/sci.crypt
0.3333332506081882	0.33333294690923	0.3333338024825819		2gram_menor/20newsGroup_science_Maid/sci.crypt
0.3333336027295342	0.33333340993545096	0.3333329873350149		2gram_menor/20newsGroup_science_Maid/sci.crypt
