5.976888703383407E-14	5.99473604052381E-14	5.983098961260068E-14	5.982213825034362E-14	5.982209441203108E-14	0.9999999999994911	5.985706894512815E-14	3.0206350573628354E-14	5.991294236429851E-14	5.981799314370232E-14		NewYorkTimes_Maid/china
0.10259397806876529	0.10257968392303765	0.10255524824960062	0.10256724065423772	0.10255270256363719	0.08898930340043108	0.10255826096900462	0.09047025184482681	0.10256461513263795	0.1025687151938211		NewYorkTimes_Maid/china
2.647532362637412E-15	2.6391793925789864E-15	2.6436700272258872E-15	2.6444021874108395E-15	2.643578774445262E-15	1.27040734434102E-15	2.6424461561998985E-15	0.9999999999999774	2.6400646840578008E-15	2.644173639474106E-15		NewYorkTimes_Maid/egypt
0.10196903670215988	0.10197537201656108	0.10196812463261715	0.10196667800115997	0.10195481196247719	0.09116265149630319	0.10195674048631916	0.09312513636145461	0.10195320023116956	0.10196824810977824		NewYorkTimes_Maid/egypt
0.10358590929492284	0.10362173676639161	0.10358673573367502	0.10358365006235741	0.10359795202617449	0.08600409022637999	0.1035927241845657	0.0852438677213346	0.10359790191433653	0.1035854320698618		NewYorkTimes_Maid/facebook
0.10502315997089312	0.10480357749919382	0.10492339170319469	0.10491575304837795	0.10484084502485924	0.0796908957513584	0.10494186796594629	0.08097435530894713	0.10487880818327484	0.10500734554395452		NewYorkTimes_Maid/facebook
0.10516511047862596	0.10550685742977517	0.10532062222614878	0.1053213962672366	0.10531542216528574	0.08184692329786505	0.10540354603212308	0.07532197871785015	0.1055159473521108	0.1052821960329787		NewYorkTimes_Maid/globamwarm
0.10365808029112882	0.10373817428672817	0.10367122670523768	0.10368824383997269	0.10368777757499982	0.08555871641507824	0.10369273679311725	0.08491384559455684	0.10372045683901307	0.1036707416601674		NewYorkTimes_Maid/globamwarm
0.10283698474112225	0.10289997260820176	0.10284346554184338	0.10284201457953857	0.10284330192730515	0.08918516670087127	0.10285266420927382	0.0879751191608682	0.10287631294076208	0.10284499759021351		NewYorkTimes_Maid/google
0.10269763064394531	0.10276513793911722	0.10268850901869324	0.10269908878678015	0.10271340463921762	0.09013295615965106	0.10271005273092385	0.08817137759495167	0.1027266971064947	0.10269514538022521		NewYorkTimes_Maid/google
2.647532362637412E-15	2.6391793925789864E-15	2.6436700272258872E-15	2.6444021874108395E-15	2.643578774445262E-15	1.27040734434102E-15	2.6424461561998985E-15	0.9999999999999774	2.6400646840578008E-15	2.644173639474106E-15		NewYorkTimes_Maid/libya
0.10404951858681201	0.10377194320319298	0.1038419424385288	0.10392116453289997	0.1038884489127403	0.0802807192726587	0.10385668428576268	0.08870770673226334	0.10379194934485682	0.10388992269028437		NewYorkTimes_Maid/libya
0.10382694811409297	0.10387454146199376	0.10392133255164497	0.1038978957597447	0.10402557574702573	0.08446803101551484	0.10389411188996667	0.08436045540820744	0.10386932850613678	0.10386177954567215		NewYorkTimes_Maid/obama
0.1032968787966068	0.10343437127239002	0.10332377201101824	0.10330057111580221	0.10329057665268371	0.08823707397609636	0.10331972893684532	0.08511362876534084	0.10336916224904008	0.10331423622417649		NewYorkTimes_Maid/obama
0.10242229314236229	0.10238051118336433	0.10240256005287293	0.10241481163981371	0.10239467051244797	0.09006209896129638	0.10239664694767055	0.09071228462614235	0.10239413173345595	0.10241999120057357		NewYorkTimes_Maid/pakistan
0.10516758692596982	0.10499581057719186	0.10513975432702387	0.10515123160092243	0.1051154026858411	0.07785645674196719	0.10510475939354297	0.08125436743773609	0.10505309903951875	0.10516153127028592		NewYorkTimes_Maid/pakistan
0.1029731780839472	0.10293699535567526	0.1029498904320962	0.10295276482597174	0.10293996988598346	0.08791902748208053	0.10294505977130519	0.08848335966455181	0.1029383442511056	0.10296141024728299		NewYorkTimes_Maid/wikileaks
0.10376877466179867	0.10370048711466785	0.10385380494619495	0.10376915120278556	0.10379175749386527	0.08284220887516491	0.10374578929174416	0.0870422640263337	0.10372145288190747	0.10376430950553742		NewYorkTimes_Maid/wikileaks
