0.07182163392704093	0.07182096579947914	0.07182108292196919	0.07182108292196919	0.07182163681987203	0.07182108292196919	0.07182163392704093	0.07182163392704093	0.07182096579947914	0.07182108292196919	0.06632360080024345	0.0718215485904784	0.07182108292196919	0.07182096579947914		2gram_menor/Reuters_Maid/alum
0.07198553443000844	0.07198610733955738	0.07198471524563041	0.07198471524563041	0.07198553873082744	0.07198471524563041	0.07198553443000844	0.07198553443000844	0.07198610733955738	0.07198471524563041	0.0641905521734748	0.07198540755884829	0.07198471524563041	0.07198610733955738		2gram_menor/Reuters_Maid/alum
0.07149111618510406	0.07149097285294577	0.07149099797920387	0.07149099797920387	0.07149111680569205	0.07149099797920387	0.07149111618510406	0.07149111618510406	0.07149097285294577	0.07149099797920387	0.07061652830598267	0.07149109787815633	0.07149099797920387	0.07149097285294577		2gram_menor/Reuters_Maid/alum
0.07150654943983516	0.0715063759434248	0.0715064063574906	0.0715064063574906	0.07150655019102624	0.0715064063574906	0.07150654943983516	0.07150654943983516	0.0715063759434248	0.0715064063574906	0.07041611459156076	0.07150652728018014	0.0715064063574906	0.0715063759434248		2gram_menor/Reuters_Maid/alum
0.0715553748190647	0.07155510913199588	0.07155515570709944	0.07155515570709944	0.0715553759694175	0.07155515570709944	0.0715553748190647	0.0715553748190647	0.07155510913199588	0.07155515570709944	0.06978205275750084	0.0715553408844027	0.07155515570709944	0.07155510913199588		2gram_menor/Reuters_Maid/alum
0.07150231453667719	0.07150215552532657	0.07150218340015511	0.07150218340015511	0.07150231522515182	0.07150218340015511	0.07150231453667719	0.07150231453667719	0.07150215552532657	0.07150218340015511	0.07047106336094497	0.0715022942271164	0.07150218340015511	0.07150215552532657		2gram_menor/Reuters_Maid/alum
0.0714805779648521	0.07148049714390327	0.07148051131190211	0.07148051131190211	0.07148057831478372	0.07148051131190211	0.0714805779648521	0.0714805779648521	0.07148049714390327	0.07148051131190211	0.07075307215734755	0.07148056764209208	0.07148051131190211	0.07148049714390327		2gram_menor/Reuters_Maid/alum
0.07162056818653967	0.07162022552278101	0.07162028559187841	0.07162028559187841	0.07162056967018263	0.07162028559187841	0.07162056818653967	0.07162056818653967	0.07162022552278101	0.07162028559187841	0.06893509682242098	0.07162052442004226	0.07162028559187841	0.07162022552278101		2gram_menor/Reuters_Maid/alum
0.07246572135248104	0.07246757313606494	0.07246797238114741	0.07246797238114741	0.07246986055101468	0.07246797238114741	0.07246572135248099	0.07246572135248104	0.07246757313606494	0.07246797238114741	0.05792496353421429	0.07246543054339612	0.0724679723811474	0.07246757313606494		2gram_menor/Reuters_Maid/alum
0.07151943958681388	0.07151928896417085	0.07151931536845484	0.07151931536845484	0.07151944023896767	0.07151931536845484	0.07151943958681388	0.07151943958681388	0.07151928896417085	0.07151931536845484	0.07024837691710925	0.07151942034869459	0.07151931536845484	0.07151928896417085		2gram_menor/Reuters_Maid/alum
0.0715170316199267	0.0715168400108586	0.0715168736000797	0.0715168736000797	0.07151703244954086	0.0715168736000797	0.0715170316199267	0.0715170316199267	0.0715168400108586	0.0715168736000797	0.07027997751086063	0.07151700714684393	0.0715168736000797	0.0715168400108586		2gram_menor/Reuters_Maid/alum
0.07158408747160146	0.07158379811862062	0.07158384884235565	0.07158384884235565	0.07158145404156702	0.07158384884235565	0.07158408747160146	0.07158408747160146	0.07158379811862062	0.07158384884235565	0.0694115944617714	0.07158405051421711	0.07158384884235565	0.07158379811862062		2gram_menor/Reuters_Maid/alum
0.07152234378179513	0.07152219245250344	0.07152221898066333	0.07152221898066333	0.07152234443700854	0.07152221898066333	0.07152234378179513	0.07152234378179513	0.07152219245250344	0.07152221898066333	0.0702106275033594	0.07152232445341968	0.07152221898066333	0.07152219245250344		2gram_menor/Reuters_Maid/alum
0.07153113841398347	0.07153096540498405	0.07153099573360655	0.07153099573360655	0.07153113916306421	0.07153099573360655	0.07153113841398347	0.07153113841398347	0.07153096540498405	0.07153099573360655	0.07009645439541763	0.07153111631658272	0.07153099573360655	0.07153096540498405		2gram_menor/Reuters_Maid/alum
0.07153339158878257	0.07153321402313725	0.07153324515054156	0.07153324515054156	0.07153339235759235	0.07153324515054156	0.07153339158878257	0.07153339158878257	0.07153321402313725	0.07153324515054156	0.07006719614455321	0.07153336890938723	0.07153324515054156	0.07153321402313725		2gram_menor/Reuters_Maid/alum
0.07160062775030263	0.07160032404715193	0.07160037728646859	0.07160037728646859	0.07160062906525563	0.07160037728646859	0.07160062775030263	0.07160062775030263	0.07160032404715193	0.07160037728646859	0.06919404014999213	0.07160058896004555	0.07160037728646859	0.07160032404715193		2gram_menor/Reuters_Maid/alum
0.0716864569070779	0.07168592359033987	0.07168601708072685	0.07168601708072685	0.07168645921620524	0.07168601708072685	0.0716864569070779	0.0716864569070779	0.07168592359033987	0.07168601708072685	0.06807992509854702	0.07168638878936012	0.07168601708072685	0.07168592359033987		2gram_menor/Reuters_Maid/alum
0.07156821298285665	0.0715679920472952	0.07156803077745749	0.07156803077745749	0.07156821393944686	0.07156803077745749	0.07156821298285665	0.07156821298285665	0.0715679920472952	0.07156803077745749	0.06961483231874664	0.07156818476406336	0.07156803077745749	0.0715679920472952		2gram_menor/Reuters_Maid/alum
0.071609906248688	0.07160958366425195	0.07160964021345216	0.07160964021345216	0.07160990764539232	0.07160964021345216	0.071609906248688	0.071609906248688	0.07160958366425195	0.07160964021345216	0.06907355650170584	0.07160986504682111	0.07160964021345216	0.07160958366425195		2gram_menor/Reuters_Maid/alum
0.0715108073451154	0.07151048475101945	0.07151054130191271	0.07151054130191271	0.0715108087418616	0.07151054130191271	0.0715108073451154	0.0715108073451154	0.07151048475101945	0.07151054130191271	0.07036184231815595	0.07151076614201442	0.07151054130191271	0.07151048475101945		2gram_menor/Reuters_Maid/alum
0.07161016610910421	0.07160986121640729	0.07160991466425114	0.07160991466425111	0.07161016742920764	0.07160991466425111	0.07161016610910421	0.07161016610910421	0.07160986121640729	0.07160991466425114	0.06907005010608974	0.07161012716691255	0.07160991466425111	0.07160986121640729		2gram_menor/Reuters_Maid/alum
0.07147281621694232	0.0714727454643405	0.07147275786734913	0.07147275786734913	0.0714728165232808	0.07147275786734913	0.07147281621694232	0.07147281621694232	0.0714727454643405	0.07147275786734913	0.07085390191597365	0.07147280718015137	0.07147275786734913	0.0714727454643405		2gram_menor/Reuters_Maid/alum
0.07147723719908149	0.0714771600247807	0.07147717355351896	0.07147717355351896	0.07147723753322416	0.07147717355351896	0.07147723719908149	0.07147723719908149	0.0714771600247807	0.07147717355351896	0.0707964756855087	0.07147722734208582	0.07147717355351896	0.0714771600247807		2gram_menor/Reuters_Maid/alum
0.07160590971883316	0.07160561492650092	0.07160566660375318	0.07160566660375318	0.07160591099520448	0.07160566660375318	0.07160590971883316	0.07160590971883316	0.07160561492650092	0.07160566660375318	0.06912530998331862	0.07160587206670878	0.07160566660375318	0.07160561492650092		2gram_menor/Reuters_Maid/barley
0.07151273777917383	0.0715126020752793	0.07151262586429846	0.07151262586429846	0.07151273836673346	0.07151262586429846	0.07151273777917383	0.07151273777917383	0.0715126020752793	0.07151262586429846	0.0703353923018749	0.07151272044653997	0.07151262586429846	0.0715126020752793		2gram_menor/Reuters_Maid/barley
0.0715741044383948	0.07157385390386807	0.07157389782273148	0.07157389782273148	0.07157410552314092	0.07157389782273148	0.0715741044383948	0.0715741044383948	0.07157385390386807	0.07157389782273148	0.06953845789732684	0.07157407243908619	0.07157389782273148	0.07157385390386807		2gram_menor/Reuters_Maid/barley
0.0714595616108074	0.071459499106624	0.07145951006367714	0.07145951006367714	0.07145956188143256	0.07145951006367714	0.0714595616108074	0.0714595616108074	0.071459499106624	0.07145951006367714	0.07102615202035086	0.07145955362753675	0.07145951006367714	0.071459499106624		2gram_menor/Reuters_Maid/barley
0.07162228020249216	0.07162191362438333	0.07162197788565405	0.07162197788565405	0.07162228178967855	0.07162197788565405	0.07162228020249216	0.07162228020249216	0.07162191362438333	0.07162197788565405	0.06891301391989127	0.07162223338153346	0.07162197788565405	0.07162191362438333		2gram_menor/Reuters_Maid/barley
0.07174782401355824	0.0717472825332321	0.07174737745468503	0.07174737745468503	0.07174782635803219	0.07174737745468503	0.07174782401355824	0.07174782401355824	0.0717472825332321	0.07174737745468503	0.0672822118750311	0.07174775485314056	0.07174737745468503	0.0717472825332321		2gram_menor/Reuters_Maid/barley
0.07155699824496478	0.07155676962201311	0.07155680969977594	0.07155680969977594	0.07155699923483937	0.07155680969977594	0.07155699824496475	0.07155699824496478	0.07155676962201311	0.07155680969977594	0.06976067962104418	0.0715569690443031	0.07155680969977594	0.07155676962201311		2gram_menor/Reuters_Maid/barley
0.07151201753764697	0.07151186349044672	0.07151189049505731	0.07151189049505731	0.07151201820462821	0.07151189049505731	0.07151201753764697	0.07151201753764697	0.07151186349044672	0.07151189049505731	0.07034488837367538	0.0715119978621287	0.07151189049505731	0.07151186349044672		2gram_menor/Reuters_Maid/barley
0.07164515568514718	0.0716448062126732	0.07164486747533533	0.07164486747533533	0.07164515719827022	0.07164486747533533	0.07164515568514716	0.07164515568514718	0.0716448062126732	0.07164486747533533	0.06861550868258545	0.07164511104900663	0.07164486747533531	0.0716448062126732		2gram_menor/Reuters_Maid/barley
0.0716269000090376	0.07162647198368045	0.07162654701660894	0.07162654701660894	0.07162690186227635	0.07162654701660894	0.07162690000903758	0.0716269000090376	0.07162647198368045	0.07162654701660894	0.06885340173680828	0.07162684533971658	0.07162654701660892	0.07162647198368045		2gram_menor/Reuters_Maid/barley
0.0714992909191605	0.07149912763307452	0.07149915625726615	0.07149915625726615	0.07149929162614363	0.07149915625726615	0.0714992909191605	0.0714992909191605	0.07149912763307452	0.07149915625726615	0.07051040136720842	0.0714992700636122	0.07149915625726615	0.07149912763307452		2gram_menor/Reuters_Maid/barley
0.07154695551972562	0.07154675402462088	0.07154678934686705	0.07154678934686705	0.07154695639214366	0.07154678934686705	0.07154695551972559	0.07154695551972562	0.07154675402462088	0.07154678934686705	0.0698910384565272	0.07154692978395452	0.07154678934686705	0.07154675402462088		2gram_menor/Reuters_Maid/barley
0.07144574899742269	0.07144571175054758	0.07144571827996873	0.07144571827996873	0.07144574915869091	0.07144571827996873	0.07144574899742269	0.07144574899742269	0.07144571175054758	0.07144571827996873	0.07120553295744175	0.0714457442401128	0.07144571827996873	0.07144571175054758		2gram_menor/Reuters_Maid/barley
0.07152093873224905	0.07152077105562626	0.07152080044948092	0.07152080044948092	0.07152093945824199	0.07152080044948092	0.07152093873224905	0.07152093873224905	0.07152077105562626	0.07152080044948092	0.070229011614805	0.0715209173159225	0.07152080044948092	0.07152077105562626		2gram_menor/Reuters_Maid/barley
0.07170449894158898	0.07170391754066635	0.0717040194601373	0.0717040194601373	0.07170450145891087	0.0717040194601373	0.07170449894158895	0.07170449894158898	0.07170391754066635	0.0717040194601373	0.0678457271113575	0.07170442468227924	0.0717040194601373	0.07170391754066635		2gram_menor/Reuters_Maid/bop
0.07152833854114928	0.0715281221038859	0.07152816004549573	0.07152816004549573	0.07152833947826301	0.07152816004549573	0.07152833854114928	0.07152833854114928	0.0715281221038859	0.07152816004549573	0.07013316746225404	0.07152831089689883	0.07152816004549573	0.0715281221038859		2gram_menor/Reuters_Maid/bop
0.0719014187070582	0.07190045825393382	0.07190062662027233	0.07190062662027233	0.0719014228656096	0.07190062662027233	0.07190141870705818	0.0719014187070582	0.07190045825393382	0.07190062662027233	0.06528851711736874	0.07190129603268407	0.07190062662027233	0.07190045825393382		2gram_menor/Reuters_Maid/bop
0.07151273777917383	0.0715126020752793	0.07151262586429846	0.07151262586429846	0.07151273836673346	0.07151262586429846	0.07151273777917383	0.07151273777917383	0.0715126020752793	0.07151262586429846	0.0703353923018749	0.07151272044653997	0.07151262586429846	0.0715126020752793		2gram_menor/Reuters_Maid/bop
0.07154139151714095	0.0715411021606632	0.07154115288501109	0.07154115288501109	0.0715413927699764	0.07154115288501109	0.07154139151714095	0.07154139151714095	0.0715411021606632	0.07154115288501109	0.06996400721224585	0.07154135455930986	0.07154115288501109	0.0715411021606632		2gram_menor/Reuters_Maid/bop
0.07158035628155311	0.07158172165640471	0.07158181042816456	0.07158181042816456	0.07158223024808166	0.07158181042816456	0.07158035628155311	0.07158035628155311	0.07158172165640471	0.07158181042816456	0.06944219216529122	0.07158029163193085	0.07158181042816456	0.07158172165640471		2gram_menor/Reuters_Maid/bop
0.07164979573646209	0.07164925797035378	0.07164935224070867	0.07164935224070866	0.07164979806485429	0.07164935224070866	0.07164979573646207	0.07164979573646209	0.07164925797035378	0.07164935224070867	0.06855655256070997	0.0716497270504449	0.07164935224070866	0.07164925797035378		2gram_menor/Reuters_Maid/bop
0.0019342963928433005	0.0019344153109382748	0.0019344229826382434	0.001934422982638243	0.001934234476227597	0.0019344229826382434	0.0019342963928433	0.0019342963928433005	0.0019344153109382748	0.0019344229826382434	0.974853127089726	0.0019343884095101168	0.0019344229826382434	0.0019344153109382748		2gram_menor/Reuters_Maid/bop
0.07168304082699495	0.07168377246811196	0.07168386950884914	0.07168386950884914	0.07168187489879524	0.07168386950884914	0.07168304082699495	0.07168304082699495	0.07168377246811196	0.07168386950884914	0.06811536752833208	0.07168297014330623	0.07168386950884914	0.07168377246811196		2gram_menor/Reuters_Maid/bop
0.07156512254158569	0.07156485361806698	0.07156490076052001	0.07156490076052001	0.07156512370595151	0.07156490076052001	0.07156512254158569	0.07156512254158569	0.07156485361806698	0.07156490076052001	0.06965535581894132	0.07156508819354915	0.07156490076052001	0.07156485361806698		2gram_menor/Reuters_Maid/bop
0.07154700422331971	0.07154678982782803	0.07154682741151493	0.07154682741151493	0.0715470051515931	0.07154682741151493	0.07154700422331971	0.07154700422331971	0.07154678982782803	0.07154682741151493	0.06989049879753562	0.07154697683985356	0.07154682741151493	0.07154678982782803		2gram_menor/Reuters_Maid/bop
0.0716937765844008	0.07169329121904014	0.07169337630361274	0.07169337630361274	0.07169377868590901	0.07169337630361274	0.0716937765844008	0.0716937765844008	0.07169329121904014	0.07169337630361274	0.06798442179440103	0.07169371459130337	0.07169337630361274	0.07169329121904014		2gram_menor/Reuters_Maid/bop
0.07166003487130455	0.07165961433695518	0.07165968805671674	0.07165968805671674	0.07166003669210896	0.07165968805671674	0.07166003487130455	0.07166003487130455	0.07165961433695518	0.07165968805671674	0.06842259424075305	0.07165998115877502	0.07165968805671674	0.07165961433695518		2gram_menor/Reuters_Maid/bop
0.07171587143762956	0.07171535999927615	0.07171544965441233	0.07171544965441233	0.07171587365202818	0.07171544965441233	0.07171587143762954	0.07171587143762956	0.07171535999927615	0.07171544965441233	0.06769737765084934	0.07171580611434374	0.07171544965441233	0.07171535999927615		2gram_menor/Reuters_Maid/bop
0.07174707714786274	0.0717463752427342	0.07174649828635704	0.07174649828635704	0.07174708018694441	0.07174649828635704	0.07174707714786274	0.07174707714786274	0.0717463752427342	0.07174649828635704	0.06729308371246451	0.07174698749701512	0.07174649828635704	0.0717463752427342		2gram_menor/Reuters_Maid/bop
0.07159713833508807	0.07159683857260442	0.07159689112112312	0.07159689112112312	0.07159713963297894	0.07159689112112312	0.07159713833508807	0.07159713833508807	0.07159683857260442	0.07159689112112312	0.06923937399017607	0.07159710004815201	0.07159689112112312	0.07159683857260442		2gram_menor/Reuters_Maid/bop
0.07159028254620045	0.0715899954721209	0.07159004579636499	0.07159004579636498	0.07159028378915368	0.07159004579636498	0.07159028254620045	0.07159028254620045	0.0715899954721209	0.07159004579636498	0.06932840729416913	0.07159024587988827	0.07159004579636498	0.0715899954721209		2gram_menor/Reuters_Maid/bop
0.07168776572195654	0.07168998981418524	0.07169012709610167	0.07169012709610167	0.07169077633366766	0.07169012709610167	0.07168776572195652	0.07168776572195654	0.07168998981418524	0.07169012709610167	0.06803765582876928	0.07168766574862943	0.07169012709610167	0.07168998981418524		2gram_menor/Reuters_Maid/bop
0.07173485909402312	0.07173406250233796	0.07173420214427724	0.07173420214427724	0.07173486254308065	0.07173420214427724	0.0717348590940231	0.07173485909402312	0.07173406250233796	0.07173420214427724	0.06745260459726363	0.07173475734918636	0.07173420214427724	0.07173406250233796		2gram_menor/Reuters_Maid/bop
0.07176556670814067	0.07176712899649103	0.07176726126405149	0.07176726126405149	0.07176788678725962	0.07176726126405149	0.07176556670814065	0.07176556670814067	0.07176712899649103	0.07176726126405149	0.06703224940239554	0.07176547037619228	0.07176726126405149	0.07176712899649103		2gram_menor/Reuters_Maid/bop
0.07164050651698806	0.07163997334574518	0.0716400668106266	0.0716400668106266	0.07164050882548548	0.0716400668106266	0.07164050651698806	0.07164050651698806	0.07163997334574518	0.0716400668106266	0.06867727911532837	0.0716404384178534	0.0716400668106266	0.07163997334574518		2gram_menor/Reuters_Maid/bop
0.07167749226262067	0.07167685679453895	0.07167696819188561	0.07167696819188561	0.07167749501404255	0.07167696819188561	0.07167749226262066	0.07167749226262067	0.07167685679453895	0.07167696819188561	0.0681972057575232	0.07167741109752743	0.07167696819188561	0.07167685679453895		2gram_menor/Reuters_Maid/bop
0.07158946935536144	0.07159114234958679	0.07159120229831313	0.07159120229831313	0.07159148580735669	0.07159120229831313	0.07158946935536144	0.07158946935536144	0.07159114234958679	0.07159120229831313	0.06932124187882487	0.07158942570740817	0.07159120229831313	0.07159114234958679		2gram_menor/Reuters_Maid/bop
0.07150034470289814	0.07150021472910059	0.0715002375136303	0.0715002375136303	0.07150034526564801	0.0715002375136303	0.07150034470289812	0.07150034470289814	0.07150021472910059	0.0715002375136303	0.0704964607680681	0.07150032810213622	0.0715002375136303	0.07150021472910059		2gram_menor/Reuters_Maid/bop
0.07152597881426001	0.0715257874892604	0.07152582102868425	0.07152582102868425	0.0715259796426442	0.07152582102868425	0.07152597881426001	0.07152597881426001	0.0715257874892604	0.07152582102868425	0.07016366192591353	0.0715259543774597	0.07152582102868425	0.0715257874892604		2gram_menor/Reuters_Maid/bop
0.07167727165804891	0.0716768441781461	0.07167691911545726	0.07167691911545726	0.07167727350892596	0.07167691911545726	0.07167727165804891	0.07167727165804891	0.0716768441781461	0.07167691911545726	0.06819856634680638	0.07167721705839651	0.07167691911545726	0.0716768441781461		2gram_menor/Reuters_Maid/bop
0.0717246983098242	0.07172405022841746	0.07172416383685597	0.07172416383685597	0.07172470111585935	0.07172416383685597	0.0717246983098242	0.0717246983098242	0.07172405022841746	0.07172416383685597	0.0675836185514558	0.07172461553368005	0.07172416383685597	0.07172405022841746		2gram_menor/Reuters_Maid/bop
0.07170218803842962	0.07170156587830594	0.07170167494279311	0.07170167494279311	0.07170219073223069	0.07170167494279311	0.07170218803842962	0.07170218803842962	0.07170156587830594	0.07170167494279311	0.06787606423048675	0.07170210857311027	0.07170167494279311	0.07170156587830594		2gram_menor/Reuters_Maid/bop
0.07160542700582315	0.07160509868753694	0.07160515624187898	0.07160515624187898	0.07160542842735368	0.07160515624187898	0.07160542700582312	0.07160542700582315	0.07160509868753694	0.07160515624187898	0.06913182821157056	0.07160538507160064	0.07160515624187898	0.07160509868753694		2gram_menor/Reuters_Maid/bop
0.07149738373689524	0.07149852173689455	0.07149859321110699	0.07149859321110699	0.07149598036903654	0.07149859321110696	0.07149738373689524	0.07149738373689524	0.07149852173689455	0.07149859321110699	0.07052600546944304	0.07149733168461621	0.07149859321110696	0.07149852173689455		2gram_menor/Reuters_Maid/bop
0.0716864562274106	0.07168591266980548	0.07168600795540171	0.07168600795540171	0.07168645858087876	0.07168600795540171	0.07168645622741059	0.0716864562274106	0.07168591266980548	0.07168600795540171	0.06808000814879406	0.07168638680167039	0.07168600795540171	0.07168591266980548		2gram_menor/Reuters_Maid/carcass
0.07149582329243057	0.07149561139681822	0.07149564854227568	0.07149564854227568	0.0714958242098801	0.07149564854227568	0.07149582329243057	0.07149582329243057	0.07149561139681822	0.07149564854227568	0.07055583278273495	0.07149579622826013	0.07149564854227568	0.07149561139681822		2gram_menor/Reuters_Maid/carcass
0.07146597231881155	0.07146591477431218	0.07146592486192792	0.07146592486192792	0.0714659725679627	0.07146592486192792	0.07146597231881155	0.07146597231881155	0.07146591477431218	0.07146592486192792	0.07094277687401547	0.07146596496901109	0.07146592486192792	0.07146591477431218		2gram_menor/Reuters_Maid/carcass
0.07153566326745366	0.07153541909124632	0.07153546189549612	0.07153546189549612	0.07153313035311047	0.07153546189549612	0.07153566326745364	0.07153566326745366	0.07153541909124632	0.07153546189549612	0.07004068101305018	0.07153563208025891	0.07153546189549612	0.07153541909124632		2gram_menor/Reuters_Maid/carcass
0.07146382086046232	0.07146376263280539	0.07146377284017928	0.07146377284017928	0.07146382111257135	0.07146377284017928	0.07146382086046232	0.07146382086046232	0.07146376263280539	0.07146377284017928	0.0709707507833227	0.0714638134234063	0.07146377284017928	0.07146376263280539		2gram_menor/Reuters_Maid/carcass
0.07159203575111213	0.07159166191502406	0.07159172744861406	0.07159172744861406	0.07159203736972387	0.07159172744861406	0.0715920357511121	0.07159203575111213	0.07159166191502406	0.07159172744861406	0.06930624438567012	0.0715919880031272	0.07159172744861406	0.07159166191502406		2gram_menor/Reuters_Maid/carcass
0.07162683598850485	0.07162646492530965	0.0716265299728134	0.0716265299728134	0.07162550489400156	0.0716265299728134	0.07162683598850483	0.07162683598850485	0.07162646492530965	0.0716265299728134	0.06885515390579987	0.0716267885946881	0.0716265299728134	0.07162646492530965		2gram_menor/Reuters_Maid/carcass
0.07149375611723327	0.07149361744450082	0.071493641753959	0.07149364175395899	0.07149375671764718	0.07149364175395899	0.07149375611723327	0.07149375611723327	0.07149361744450082	0.07149364175395899	0.07058217542194863	0.07149373840540701	0.07149364175395899	0.07149361744450082		2gram_menor/Reuters_Maid/carcass
0.07143512922089791	0.07143499677994333	0.07143501999696711	0.07143501999696711	0.07143512979432992	0.07143501999696711	0.07143512922089791	0.07143512922089791	0.07143499677994333	0.07143501999696711	0.07134427991329041	0.07143511230502039	0.07143501999696711	0.07143499677994333		2gram_menor/Reuters_Maid/carcass
0.071502767160985	0.07150259256186924	0.07150262316923978	0.07150262316923978	0.07150276791695052	0.07150262316923978	0.071502767160985	0.071502767160985	0.07150259256186924	0.07150262316923978	0.07046529220780016	0.07150274486048772	0.07150262316923978	0.07150259256186924		2gram_menor/Reuters_Maid/carcass
0.0715106826382992	0.07151048369166389	0.07151051856716265	0.07151051856716265	0.07151068349968306	0.07151051856716265	0.0715106826382992	0.0715106826382992	0.07151048369166389	0.07151051856716265	0.07036256744658449	0.0715106572280299	0.07151051856716265	0.07151048369166389		2gram_menor/Reuters_Maid/carcass
0.0716583814629757	0.07165788934738485	0.0716579756152645	0.0716579756152645	0.0716583835937109	0.0716579756152645	0.0716583814629757	0.0716583814629757	0.07165788934738485	0.0716579756152645	0.06844460729118387	0.0716583186077011	0.0716579756152645	0.07165788934738485		2gram_menor/Reuters_Maid/carcass
0.07168342436827004	0.07168288762487246	0.07168298171594796	0.07168298171594796	0.0716834266922341	0.07168298171594796	0.07168342436827002	0.07168342436827004	0.07168288762487246	0.07168298171594796	0.068119372935719	0.07168335581287961	0.07168298171594796	0.07168288762487246		2gram_menor/Reuters_Maid/carcass
0.0714778965145825	0.07147781461390185	0.0714778289711786	0.0714778289711786	0.07147789686918907	0.0714778289711786	0.0714778965145825	0.0714778965145825	0.07147781461390185	0.0714778289711786	0.07078793883555007	0.07147788605391482	0.0714778289711786	0.07147781461390185		2gram_menor/Reuters_Maid/carcass
0.07150553823325587	0.07150533787045919	0.07150537299421138	0.07150537299421138	0.07150398872395065	0.07150537299421138	0.07150553823325587	0.07150553823325587	0.07150533787045919	0.07150537299421138	0.07043100535173903	0.07150551264210817	0.07150537299421138	0.07150533787045919		2gram_menor/Reuters_Maid/carcass
0.0716181980166847	0.07161781238027702	0.07161787998245563	0.07161787998245563	0.07161693466063394	0.07161787998245563	0.07161819801668468	0.0716181980166847	0.07161781238027702	0.07161787998245563	0.06896748547470037	0.07161814876150245	0.07161787998245563	0.07161781238027702		2gram_menor/Reuters_Maid/carcass
0.07158406154901552	0.07158362539230193	0.07158370185064955	0.07158370185064955	0.07158406343746124	0.07158370185064955	0.07158406154901552	0.07158406154901552	0.07158362539230193	0.07158370185064955	0.06941036064422458	0.07158400584111406	0.07158370185064955	0.07158362539230193		2gram_menor/Reuters_Maid/carcass
0.071436564115993	0.07143649354867222	0.07143650591920092	0.07143650591920092	0.07143656442152926	0.07143650591920092	0.071436564115993	0.071436564115993	0.07143649354867222	0.07143650591920092	0.07132517788560369	0.07143655510286687	0.07143650591920092	0.07143649354867222		2gram_menor/Reuters_Maid/carcass
0.07174020441271477	0.07173963613523898	0.0717397357541914	0.0717397357541914	0.07174020687321482	0.0717397357541914	0.07174020441271477	0.07174020441271477	0.07173963613523898	0.0717397357541914	0.06738146088235747	0.07174013182960931	0.0717397357541914	0.07173963613523898		2gram_menor/Reuters_Maid/cocoa
0.0717006953944161	0.07170566126282542	0.07170574553516401	0.07170574553516401	0.07170329096453888	0.07170574553516401	0.07170069539441609	0.0717006953944161	0.07170566126282542	0.07170574553516401	0.06784827730807932	0.07170063407983725	0.07170574553516401	0.07170566126282542		2gram_menor/Reuters_Maid/cocoa
0.07156721834079617	0.07156697259441848	0.07156701567391925	0.07156701567391925	0.07156721940481083	0.07156701567391925	0.07156721834079617	0.07156721834079617	0.07156697259441848	0.07156701567391925	0.06962794246689678	0.07156718695305211	0.07156701567391925	0.07156697259441848		2gram_menor/Reuters_Maid/cocoa
0.07149936718164329	0.07149924753352195	0.07149926850795395	0.07149926850795395	0.07149936769968583	0.07149926850795395	0.07149936718164329	0.07149936718164329	0.07149924753352195	0.07149926850795395	0.07050909371532917	0.07149935189971955	0.07149926850795395	0.07149924753352195		2gram_menor/Reuters_Maid/cocoa
0.07150723746664076	0.07150708915142419	0.07150711515121512	0.07150711515121512	0.07150723810880402	0.07150711515121512	0.07150723746664076	0.07150723746664076	0.07150708915142419	0.07150711515121512	0.07040698775768979	0.07150721852323576	0.07150711515121512	0.07150708915142419		2gram_menor/Reuters_Maid/cocoa
0.07169236018824045	0.07169189145931976	0.07169197362754325	0.07169197362754325	0.0716923622177165	0.07169197362754325	0.07169236018824045	0.07169236018824045	0.07169189145931976	0.07169197362754325	0.06800271438184595	0.0716923003200408	0.07169197362754325	0.07169189145931976		2gram_menor/Reuters_Maid/cocoa
0.07168015304509837	0.07168317427540011	0.07168325240286741	0.07168325240286741	0.07168362188333743	0.07168325240286741	0.07168015304509837	0.07168015304509837	0.07168317427540011	0.07168325240286741	0.06813003796511927	0.07168009617571085	0.07168325240286741	0.07168317427540011		2gram_menor/Reuters_Maid/cocoa
0.07146244407129117	0.07146237491831807	0.0714623870409103	0.0714623870409103	0.0714624443707037	0.0714623870409103	0.07146244407129117	0.07146244407129117	0.07146237491831807	0.0714623870409103	0.07098872821710604	0.07146243523881106	0.0714623870409103	0.07146237491831807		2gram_menor/Reuters_Maid/cocoa
0.07171166342853648	0.07171267200601843	0.07171276224178777	0.07171276224178777	0.07171318898536247	0.07171276224178777	0.07171166342853648	0.07171166342853648	0.07171267200601843	0.07171276224178777	0.06773839579535877	0.07171159770667514	0.07171276224178777	0.07171267200601843		2gram_menor/Reuters_Maid/cocoa
0.07150167279465945	0.07150139900562309	0.0715014470010007	0.0715014470010007	0.07150167398009177	0.0715014470010007	0.07150167279465945	0.07150167279465945	0.07150139900562309	0.07150144700100071	0.0704802377888812	0.07150163782517592	0.0715014470010007	0.07150139900562309		2gram_menor/Reuters_Maid/cocoa
0.07153913084667553	0.0715389377491964	0.07153897159933642	0.07153897159933642	0.07153913168273408	0.07153897159933642	0.07153913084667553	0.07153913084667553	0.0715389377491964	0.07153897159933642	0.06999269834948164	0.07153910618348636	0.07153897159933642	0.0715389377491964		2gram_menor/Reuters_Maid/cocoa
0.0716298674382551	0.07162949929220877	0.07162956382833803	0.07162956382833803	0.07162986903223029	0.07162956382833803	0.0716298674382551	0.0716298674382551	0.07162949929220877	0.07162956382833803	0.0688143912176565	0.07162982041703148	0.07162956382833803	0.07162949929220877		2gram_menor/Reuters_Maid/cocoa
0.07163490034188008	0.07163446592681341	0.07163454207985227	0.07163454207985227	0.07163490222278483	0.07163454207985227	0.07163490034188008	0.07163490034188008	0.07163446592681341	0.07163454207985227	0.06874944371544203	0.07163484485643132	0.07163454207985227	0.07163446592681341		2gram_menor/Reuters_Maid/cocoa
0.07163490034188008	0.07163446592681341	0.07163454207985227	0.07163454207985227	0.07163490222278483	0.07163454207985227	0.07163490034188008	0.07163490034188008	0.07163446592681341	0.07163454207985227	0.06874944371544203	0.07163484485643132	0.07163454207985227	0.07163446592681341		2gram_menor/Reuters_Maid/cocoa
0.07155120494719751	0.07155098693007664	0.07155102514863579	0.07155102514863579	0.0715512058911516	0.07155102514863579	0.07155120494719751	0.07155120494719751	0.07155098693007664	0.07155102514863579	0.06983591563268644	0.07155117710116059	0.07155102514863579	0.07155098693007664		2gram_menor/Reuters_Maid/cocoa
0.07154729544246859	0.07154688947977765	0.07154696064513856	0.07154696064513856	0.07154729720018103	0.07154696064513856	0.07154729544246857	0.07154729544246859	0.07154688947977765	0.07154696064513856	0.06988810121627999	0.07154724359110744	0.07154696064513856	0.07154688947977765		2gram_menor/Reuters_Maid/cocoa
0.07152597881426001	0.0715257874892604	0.07152582102868425	0.07152582102868425	0.0715259796426442	0.07152582102868425	0.07152597881426001	0.07152597881426001	0.0715257874892604	0.07152582102868425	0.07016366192591353	0.0715259543774597	0.07152582102868425	0.0715257874892604		2gram_menor/Reuters_Maid/cocoa
0.07160588725864152	0.07160553318821042	0.07160559525689195	0.07160559525689195	0.07160588879167265	0.07160559525689195	0.07160588725864152	0.07160588725864152	0.07160553318821042	0.07160559525689195	0.06912603154808523	0.07160584203522669	0.07160559525689195	0.07160553318821042		2gram_menor/Reuters_Maid/cocoa
0.07171608540339232	0.07171706761035905	0.0717171723615797	0.0717171723615797	0.07171608798977683	0.0717171723615797	0.07171608540339232	0.07171608540339232	0.07171706761035905	0.0717171723615797	0.06768258205428569	0.07171600910678484	0.0717171723615797	0.07171706761035905		2gram_menor/Reuters_Maid/coffee
0.07146309524476069	0.0714629534700649	0.07146297832329897	0.07146297832329897	0.07146309585860527	0.07146297832329897	0.07146309524476069	0.07146309524476069	0.0714629534700649	0.07146297832329897	0.0709807892436846	0.0714630771367386	0.07146297832329897	0.0714629534700649		2gram_menor/Reuters_Maid/coffee
0.07139494381477439	0.07139475894265407	0.07139479135088592	0.0713947913508859	0.0713949446152193	0.07139479135088592	0.07139494381477439	0.07139494381477439	0.07139475894265407	0.07139479135088592	0.07186707015590185	0.07139492020216404	0.0713947913508859	0.07139475894265407		2gram_menor/Reuters_Maid/coffee
0.07161551750054128	0.07161517085825161	0.07161523162478364	0.07161523162478364	0.07161551900141032	0.07161523162478364	0.07161551750054128	0.07161551750054128	0.07161517085825161	0.07161523162478364	0.06900078457240673	0.07161547322588599	0.07161523162478364	0.07161517085825161		2gram_menor/Reuters_Maid/coffee
0.07151901238533366	0.07151886123695517	0.07151888773340087	0.07151888773340087	0.07151901303976374	0.07151888773340087	0.07151901238533366	0.07151901238533366	0.07151886123695517	0.07151888773340087	0.07025393434630033	0.07151899308006518	0.07151888773340087	0.07151886123695517		2gram_menor/Reuters_Maid/coffee
0.07150770390791418	0.07150757879285134	0.07150760072564182	0.07150760072564182	0.07150770444962708	0.07150760072564182	0.07150770390791415	0.07150770390791418	0.07150757879285134	0.07150760072564182	0.07040075589213735	0.07150768792773006	0.07150760072564182	0.07150757879285134		2gram_menor/Reuters_Maid/coffee
0.07168536624539816	0.07168488707910291	0.07168497107698646	0.07168497107698646	0.07168536832006574	0.07168497107698646	0.07168536624539815	0.07168536624539816	0.07168488707910291	0.07168497107698646	0.06809371127741914	0.07168530504407958	0.07168497107698646	0.07168488707910291		2gram_menor/Reuters_Maid/coffee
0.07171887033051905	0.07171831388553213	0.07171841143026744	0.07171841143026743	0.0717188727397869	0.07171841143026743	0.07171887033051905	0.07171887033051905	0.07171831388553213	0.07171841143026744	0.06765871820199425	0.07171879925872802	0.07171841143026743	0.07171831388553213		2gram_menor/Reuters_Maid/coffee
0.07162260760766125	0.07162217495853383	0.07162225080200509	0.07162225080200509	0.07162260948091988	0.07162225080200509	0.07162260760766125	0.07162260760766125	0.07162217495853383	0.07162225080200509	0.06890923646270194	0.07162255234776763	0.07162225080200509	0.07162217495853383		2gram_menor/Reuters_Maid/coffee
0.07146277213017166	0.07146271774149861	0.07146272727589485	0.07146272727589485	0.07146277236565898	0.07146272727589485	0.07146277213017166	0.07146277213017166	0.07146271774149861	0.07146272727589485	0.07098435645641035	0.0714627651834456	0.07146272727589485	0.07146271774149861		2gram_menor/Reuters_Maid/coffee
0.0716274148812167	0.07162707842515208	0.0716271374060435	0.0716271374060435	0.07162741633798184	0.0716271374060435	0.0716274148812167	0.0716274148812167	0.07162707842515208	0.0716271374060435	0.0688460448050975	0.07162737190759692	0.0716271374060435	0.07162707842515208		2gram_menor/Reuters_Maid/coffee
0.0715403358746758	0.07154010114535549	0.07154014229356537	0.07154014229356537	0.07154033689098943	0.07154014229356537	0.0715403358746758	0.0715403358746758	0.07154010114535549	0.07154014229356537	0.06997733468700909	0.07154030589408088	0.07154014229356537	0.07154010114535549		2gram_menor/Reuters_Maid/coffee
0.07146244407129117	0.07146237491831807	0.0714623870409103	0.0714623870409103	0.0714624443707037	0.0714623870409103	0.07146244407129117	0.07146244407129117	0.07146237491831807	0.0714623870409103	0.07098872821710604	0.07146243523881106	0.0714623870409103	0.07146237491831807		2gram_menor/Reuters_Maid/coffee
0.07146564681390126	0.0714655845478004	0.07146559546311745	0.07146559546311745	0.0714656470834956	0.07146559546311745	0.07146564681390126	0.07146564681390126	0.0714655845478004	0.07146559546311745	0.0709470426547727	0.07146563886103946	0.07146559546311745	0.0714655845478004		2gram_menor/Reuters_Maid/coffee
0.07150955217688341	0.07150917274436891	0.07150923925900853	0.07150923925900851	0.0715095538197264	0.07150923925900851	0.07150955217688341	0.07150955217688341	0.07150917274436891	0.07150923925900851	0.07037857140738007	0.07150950371409391	0.07150923925900851	0.07150917274436891		2gram_menor/Reuters_Maid/coffee
0.0715850159309531	0.07158475704951243	0.07158480243158981	0.07158480243158981	0.07158501705183924	0.07158480243158981	0.0715850159309531	0.0715850159309531	0.07158475704951243	0.07158480243158981	0.0693966689832773	0.07158498286553784	0.07158480243158981	0.07158475704951243		2gram_menor/Reuters_Maid/coffee
0.07149494489185924	0.0714946661152091	0.0714947149849148	0.0714947149849148	0.07149494609888668	0.0714947149849148	0.07149494489185924	0.07149494489185924	0.0714946661152091	0.0714947149849148	0.07056773667000028	0.07149490928533406	0.0714947149849148	0.0714946661152091		2gram_menor/Reuters_Maid/coffee
0.07148142374535274	0.07148117671002961	0.07148122001548236	0.07148122001548236	0.07148142481494821	0.07148122001548236	0.07148142374535274	0.07148142374535274	0.07148117671002961	0.07148122001548236	0.07074328154851449	0.07148139219297844	0.07148122001548236	0.07148117671002961		2gram_menor/Reuters_Maid/coffee
0.07156956792915414	0.07156934465955164	0.07156938379887168	0.07156938379887168	0.07156956889585013	0.07156938379887168	0.07156956792915414	0.07156956792915414	0.07156934465955164	0.07156938379887168	0.0695972349314277	0.07156953941224653	0.07156938379887168	0.07156934465955164		2gram_menor/Reuters_Maid/coffee
0.07151163423567686	0.07151150013144081	0.07151152364003889	0.07151152364003889	0.07151163481631041	0.07151152364003889	0.07151163423567683	0.07151163423567686	0.07151150013144081	0.07151152364003889	0.070349726774784	0.07151161710735811	0.07151152364003889	0.07151150013144081		2gram_menor/Reuters_Maid/coffee
0.07152597881426001	0.0715257874892604	0.07152582102868425	0.07152582102868425	0.0715259796426442	0.07152582102868425	0.07152597881426001	0.07152597881426001	0.0715257874892604	0.07152582102868425	0.07016366192591353	0.0715259543774597	0.07152582102868425	0.0715257874892604		2gram_menor/Reuters_Maid/coffee
0.0714911203970589	0.07149092804963345	0.0714909617682888	0.0714909617682888	0.0714911212298699	0.0714909617682888	0.0714911203970589	0.0714911203970589	0.07149092804963345	0.0714909617682888	0.07061682875893918	0.07149109582966984	0.0714909617682888	0.07149092804963345		2gram_menor/Reuters_Maid/coffee
0.07152145354513104	0.071521254993396	0.07152128979966862	0.07152128979966862	0.0715214544048051	0.07152128979966862	0.07152145354513104	0.07152145354513104	0.071521254993396	0.07152128979966862	0.07022254279597039	0.07152142818530016	0.07152128979966862	0.071521254993396		2gram_menor/Reuters_Maid/coffee
0.07154120369564249	0.07154096377215692	0.07154100583090436	0.07154100583090436	0.0715412047344455	0.07154100583090436	0.07154120369564249	0.07154120369564249	0.07154096377215692	0.07154100583090436	0.06996609065600963	0.07154117305162494	0.07154100583090436	0.07154096377215692		2gram_menor/Reuters_Maid/coffee
0.07159769087487022	0.07159737972543426	0.07159743427008267	0.07159743427008267	0.0715976922220638	0.07159743427008267	0.07159769087487022	0.07159769087487022	0.07159737972543426	0.07159743427008267	0.0692322734930721	0.07159765113353743	0.07159743427008267	0.07159737972543426		2gram_menor/Reuters_Maid/coffee
0.07157147679035648	0.07157109450015202	0.07157116151574315	0.07157116151574315	0.07157147844557256	0.07157116151574315	0.07157147679035647	0.07157147679035648	0.07157109450015202	0.07157116151574315	0.0695735721416178	0.07157142796256837	0.07157116151574315	0.07157109450015202		2gram_menor/Reuters_Maid/coffee
