2.5703775513949486E-10	2.550569912763068E-10	2.562629939155132E-10	2.5699901250938993E-10	2.558325139732307E-10	2.5666471897553904E-10	5.343169598257513E-10	2.5741246672101643E-10	0.9999999974139935	2.5642317089610956E-10		NewYorkTimes_Maid/china
0.06630309421906978	0.06624554854476414	0.06627642482109962	0.06632630737620038	0.06632423885277093	0.06629554877245677	0.2362654370817004	0.06629068185234092	0.2333508863160247	0.06632183216357238		NewYorkTimes_Maid/china
1.1122704675734709E-11	1.1192439844054148E-11	1.1143317566520439E-11	1.1131868121458896E-11	1.1175189475529129E-11	1.113169279817787E-11	0.99999999988834	1.1095043286229589E-11	2.251456538985854E-11	1.1153041336885842E-11		NewYorkTimes_Maid/egypt
0.06533654509753355	0.06542702799447865	0.06537122850537197	0.06533480312837443	0.06532351384070825	0.0654102391777659	0.24075649808179722	0.06529269675590889	0.23640592122907686	0.06534152618898427		NewYorkTimes_Maid/egypt
0.06800319973352444	0.06792405217733577	0.06800691967498394	0.0679732249998701	0.06814073073955698	0.06792602944437663	0.22638244226676066	0.06811805494378262	0.22954810285832228	0.06797724316148668		NewYorkTimes_Maid/facebook
0.07018433558871096	0.07063026660484945	0.07027992016420372	0.07034278354515978	0.07049404785030412	0.07038141892891235	0.2196269725581998	0.07015170517498301	0.21761947725211164	0.07028907233256507		NewYorkTimes_Maid/facebook
0.07150828469877081	0.07056922957598402	0.07094344179641816	0.07132894787143762	0.07084287779714801	0.0712141903928445	0.20549287257787235	0.0718473026372024	0.225133062800465	0.0711197898518571		NewYorkTimes_Maid/globamwarm
0.06830217667492089	0.0680555340931323	0.06809174620040767	0.06819458974704795	0.06815963907005099	0.06812136346246518	0.22582244275806682	0.06818934405854533	0.22876276335172913	0.0683004005836337		NewYorkTimes_Maid/globamwarm
0.06681497981337349	0.06668189373547376	0.06677270029118343	0.06680244623465119	0.06675064080584384	0.06680081933699503	0.23079289783127602	0.06684950416581067	0.2349479973524455	0.06678612043294706		NewYorkTimes_Maid/google
0.06659124596402351	0.06647556293920723	0.06650087822043442	0.06657029293921271	0.0666614843689369	0.06648568343144615	0.23077994895449125	0.06656312576450056	0.23678295979316766	0.06658881762457956		NewYorkTimes_Maid/google
1.1122704675734709E-11	1.1192439844054148E-11	1.1143317566520439E-11	1.1131868121458896E-11	1.1175189475529129E-11	1.113169279817787E-11	0.99999999988834	1.1095043286229589E-11	2.251456538985854E-11	1.1153041336885842E-11		NewYorkTimes_Maid/libya
0.06847642936779456	0.06837703392087693	0.06831732784766958	0.06852065866619143	0.06879195711865646	0.06825079779073882	0.2367462715775377	0.06839991126438481	0.2155007948342679	0.06861881761188182		NewYorkTimes_Maid/libya
0.06849149911387556	0.06850120288055299	0.06875965958621977	0.06848588062904594	0.06845414619960542	0.06846505295232361	0.2250679479201051	0.06859790579450921	0.2265941406363117	0.06858256428745073		NewYorkTimes_Maid/obama
0.06751349046535925	0.06750631528327958	0.06756836175538039	0.06762618707952849	0.06754980862096276	0.06759256956810802	0.22518089119193022	0.06735915304907272	0.23460427345313284	0.06749894953324591		NewYorkTimes_Maid/obama
0.06605865847980828	0.06610106492942092	0.06612896924774536	0.06611702027036981	0.06606473712099743	0.06616614364834847	0.23606644923386774	0.0660502394728866	0.2351362327323353	0.0661104848642201		NewYorkTimes_Maid/pakistan
0.07051903229779195	0.07080258864744242	0.07079791184276463	0.07062555494475198	0.07056593708061284	0.07076240693624428	0.22124903926242442	0.07051551195966593	0.21350927475305498	0.07065274227524661		NewYorkTimes_Maid/pakistan
0.06694580921191225	0.06706958350342615	0.06696789202173906	0.06694152823291032	0.06700277150308712	0.06698055723000056	0.23240346316877492	0.06690190182267033	0.23183111439814943	0.06695537890732992		NewYorkTimes_Maid/wikileaks
0.06821813112374227	0.0691045883589717	0.06837457195721929	0.06800962664693043	0.0682073638168364	0.06843119286736671	0.23180104235264554	0.06796028601842606	0.2217935710701245	0.0680996257877372		NewYorkTimes_Maid/wikileaks
