0.3326773163113185	0.33290791979978135	0.33441476388890007		2gram_menor/wap_Maid
0.33333070738878795	0.33332661215885273	0.33334268045235943		2gram_menor/wap_Maid
0.33329819537441546	0.33335883717394754	0.33334296745163694		2gram_menor/wap_Maid
0.33333234912804915	0.3333337013570011	0.3333339495149497		2gram_menor/wap_Maid
0.3333259785082336	0.33332627563521583	0.33334774585655047		2gram_menor/wap_Maid
0.33330456876278586	0.33331526875302436	0.33338016248418983		2gram_menor/wap_Maid
0.33331582366200185	0.33331703721742956	0.33336713912056865		2gram_menor/wap_Maid
0.3333223498295885	0.3333360600144617	0.33334159015594983		2gram_menor/wap_Maid
0.3333467789589618	0.33333983569513104	0.33331338534590726		2gram_menor/wap_Maid
0.3333392805119251	0.33333045660757044	0.3333302628805046		2gram_menor/wap_Maid
0.3333290213236346	0.33332224910708685	0.3333487295692786		2gram_menor/wap_Maid
0.3333005283751022	0.3333124396774105	0.3333870319474872		2gram_menor/wap_Maid
0.33332571806209194	0.3333151318416079	0.33335915009630007		2gram_menor/wap_Maid
0.33361948315309164	0.33273956602156946	0.3336409508253388		2gram_menor/wap_Maid
0.33333030476096587	0.33325531397634817	0.333414381262686		2gram_menor/wap_Maid
0.3333800419130836	0.3333462622128131	0.3332736958741033		2gram_menor/wap_Maid
0.3333811916392754	0.33334300247391196	0.33327580588681255		2gram_menor/wap_Maid
0.3334390894123585	0.33336131544277875	0.33319959514486286		2gram_menor/wap_Maid
0.3333756687682484	0.3333410976272544	0.33328323360449713		2gram_menor/wap_Maid
0.33348891301399636	0.33332453219384933	0.33318655479215425		2gram_menor/wap_Maid
0.3333407581331516	0.3333371559327956	0.3333220859340529		2gram_menor/wap_Maid
0.3334780475341152	0.333359372269191	0.33316258019669387		2gram_menor/wap_Maid
0.3334240648093301	0.3333539968188984	0.3332219383717715		2gram_menor/wap_Maid
0.3333888737475551	0.3333546519894621	0.33325647426298277		2gram_menor/wap_Maid
0.3333669618860355	0.33333441329248076	0.33329862482148387		2gram_menor/wap_Maid
0.33336110379966993	0.3333388327473313	0.3333000634529988		2gram_menor/wap_Maid
0.333396506136082	0.33335129496583055	0.33325219889808744		2gram_menor/wap_Maid
0.3333367216223961	0.33333500840310043	0.3333282699745033		2gram_menor/wap_Maid
0.33334887165196714	0.3333287600568786	0.33332236829115425		2gram_menor/wap_Maid
0.3333614908940116	0.33332431207173285	0.33331419703425547		2gram_menor/wap_Maid
0.3333532335136177	0.33334570462333785	0.3333010618630446		2gram_menor/wap_Maid
0.3333671125652257	0.33333951605697887	0.3332933713777954		2gram_menor/wap_Maid
0.3333577721134842	0.33332874976313	0.33331347812338574		2gram_menor/wap_Maid
0.33337576720885415	0.33333871779062063	0.3332855150005253		2gram_menor/wap_Maid
0.33336600972939406	0.3333268483025108	0.33330714196809513		2gram_menor/wap_Maid
0.33337686339860484	0.3333405384809211	0.33328259812047417		2gram_menor/wap_Maid
0.3333500470226902	0.33333183148431017	0.3333181214929996		2gram_menor/wap_Maid
0.33336475295774526	0.3333576613110195	0.3332775857312353		2gram_menor/wap_Maid
0.3333956454661814	0.33335489319087985	0.3332494613429387		2gram_menor/wap_Maid
0.33338817863943393	0.33333844705818166	0.3332733743023844		2gram_menor/wap_Maid
0.3333441070919739	0.33333634255975864	0.3333195503482675		2gram_menor/wap_Maid
0.3334433685923683	0.33335836635741267	0.33319826505021916		2gram_menor/wap_Maid
0.33339665992381934	0.3333469259166593	0.33325641415952134		2gram_menor/wap_Maid
0.3334133954006532	0.33337218624109066	0.33321441835825616		2gram_menor/wap_Maid
0.33336771775499974	0.3333474061328084	0.3332848761121919		2gram_menor/wap_Maid
0.333359505377418	0.33333841268538217	0.33330208193719996		2gram_menor/wap_Maid
0.3333552270590676	0.3333443189925244	0.333300453948408		2gram_menor/wap_Maid
0.33343244335864614	0.3333574272660105	0.33321012937534356		2gram_menor/wap_Maid
0.33335090672644674	0.3333380338372598	0.3333110594362935		2gram_menor/wap_Maid
0.3334918308925726	0.33339291630637274	0.33311525280105475		2gram_menor/wap_Maid
0.3334445876786189	0.3333521669862491	0.333203245335132		2gram_menor/wap_Maid
0.3333536584934351	0.33334034784820765	0.3333059936583571		2gram_menor/wap_Maid
0.3334263309918187	0.3333585416405241	0.3332151273676573		2gram_menor/wap_Maid
0.3333250358112218	0.33333977407250726	0.33333519011627094		2gram_menor/wap_Maid
0.3333406361245522	0.33333642223409765	0.3333229416413501		2gram_menor/wap_Maid
0.33335039979843045	0.333329885990136	0.3333197142114335		2gram_menor/wap_Maid
0.33337292511616146	0.333339588021084	0.3332874868627545		2gram_menor/wap_Maid
0.3333780761157773	0.33333804013589685	0.3332838837483258		2gram_menor/wap_Maid
0.3333634162907954	0.333340909952792	0.33329567375641267		2gram_menor/wap_Maid
0.33337125269440454	0.3333375111896061	0.3332912361159893		2gram_menor/wap_Maid
0.3333610776601884	0.33332422052238325	0.3333147018174282		2gram_menor/wap_Maid
0.3333444316882238	0.3333338039137447	0.3333217643980316		2gram_menor/wap_Maid
0.3334541414543596	0.33338731528809284	0.3331585432575475		2gram_menor/wap_Maid
0.33337929581679143	0.33334336299894707	0.3332773411842615		2gram_menor/wap_Maid
0.3333579985607465	0.33334038879278116	0.33330161264647246		2gram_menor/wap_Maid
0.3333327713924142	0.33332724712564665	0.33333998148193916		2gram_menor/wap_Maid
0.33339536082352245	0.3333440616820209	0.33326057749445664		2gram_menor/wap_Maid
0.33337374268425257	0.3333427165171133	0.33328354079863415		2gram_menor/wap_Maid
0.3333790580204245	0.33333422646022975	0.33328671551934563		2gram_menor/wap_Maid
0.33338426815131633	0.33333953638316144	0.3332761954655222		2gram_menor/wap_Maid
0.3333524261382782	0.3333355815875235	0.3333119922741982		2gram_menor/wap_Maid
0.33335525836071583	0.3333344994519072	0.33331024218737704		2gram_menor/wap_Maid
0.3334017063383216	0.3333458830466658	0.33325241061501254		2gram_menor/wap_Maid
0.3333555826319901	0.3333388352502871	0.3333055821177227		2gram_menor/wap_Maid
0.33333713957147987	0.33334053916419765	0.3333223212643226		2gram_menor/wap_Maid
0.3333726538705411	0.33333749438007954	0.3332898517493795		2gram_menor/wap_Maid
0.33334715649338265	0.33333426453694254	0.33331857896967476		2gram_menor/wap_Maid
0.333350673261658	0.33333449615365873	0.3333148305846833		2gram_menor/wap_Maid
0.33349262063401375	0.3333839408870542	0.3331234384789321		2gram_menor/wap_Maid
0.33343585163534245	0.3333553058894326	0.333208842475225		2gram_menor/wap_Maid
0.33336264987161707	0.3333416892738543	0.33329566085452866		2gram_menor/wap_Maid
0.3333622172048267	0.3333360990301872	0.333301683764986		2gram_menor/wap_Maid
0.33339441025477606	0.33334691283318557	0.3332586769120384		2gram_menor/wap_Maid
0.3333499685807757	0.33332899821349776	0.3333210332057265		2gram_menor/wap_Maid
0.3334449690993229	0.3333423314353636	0.33321269946531346		2gram_menor/wap_Maid
0.3334338933250795	0.33335654232171463	0.33320956435320587		2gram_menor/wap_Maid
0.33337775092194266	0.33332967401513164	0.33329257506292564		2gram_menor/wap_Maid
0.3333758717612504	0.33334098696201914	0.33328314127673053		2gram_menor/wap_Maid
0.33335288494615106	0.33334425442421034	0.3333028606296386		2gram_menor/wap_Maid
0.3334125300664384	0.3333387089560763	0.3332487609774853		2gram_menor/wap_Maid
0.33339033297154497	0.333344355863958	0.333265311164497		2gram_menor/wap_Maid
0.33332121215771754	0.33333121538852495	0.3333475724537575		2gram_menor/wap_Maid
0.3333288829712242	0.3333455016320222	0.33332561539675354		2gram_menor/wap_Maid
0.33342539788816866	0.3333705758339096	0.33320402627792167		2gram_menor/wap_Maid
0.33342481259044304	0.33337346630517983	0.33320172110437696		2gram_menor/wap_Maid
0.3333250331094805	0.3333503016801542	0.33332466521036536		2gram_menor/wap_Maid
0.3333245442068758	0.3333366721873468	0.3333387836057774		2gram_menor/wap_Maid
0.3333496096408635	0.33332978038658867	0.33332060997254787		2gram_menor/wap_Maid
0.3333589803834484	0.33333010760504445	0.3333109120115071		2gram_menor/wap_Maid
0.3333570728226492	0.33333626431552876	0.3333066628618221		2gram_menor/wap_Maid
0.33337200344794227	0.3333513142958485	0.33327668225620927		2gram_menor/wap_Maid
0.3333275996825143	0.3333350596669242	0.3333373406505614		2gram_menor/wap_Maid
0.3333354627857648	0.3333394467041293	0.333325090510106		2gram_menor/wap_Maid
0.33332245983036957	0.3333294130457109	0.3333481271239196		2gram_menor/wap_Maid
0.3333157252013898	0.3333330966411119	0.3333511781574983		2gram_menor/wap_Maid
0.3333402080290886	0.33335172822839887	0.33330806374251254		2gram_menor/wap_Maid
0.33332168166353615	0.33335306236518897	0.3333252559712748		2gram_menor/wap_Maid
0.3333302202685823	0.33333735626211847	0.3333324234692993		2gram_menor/wap_Maid
0.3333586205410047	0.33332014970537044	0.3333212297536248		2gram_menor/wap_Maid
0.3333337348807841	0.3333349436134759	0.3333313215057401		2gram_menor/wap_Maid
0.33332221937685125	0.3333416509398118	0.333336129683337		2gram_menor/wap_Maid
0.33333996174271247	0.33332609378469424	0.3333339444725933		2gram_menor/wap_Maid
0.33335639374733794	0.3333633505560587	0.33328025569660336		2gram_menor/wap_Maid
0.33334299060213624	0.33333600688690407	0.3333210025109597		2gram_menor/wap_Maid
0.333347807719704	0.3333354870712626	0.3333167052090334		2gram_menor/wap_Maid
0.33333808535585197	0.33332886370356835	0.33333305094057963		2gram_menor/wap_Maid
0.3333403473660582	0.33334202688885695	0.3333176257450849		2gram_menor/wap_Maid
0.33333297269874984	0.3333323190767966	0.3333347082244535		2gram_menor/wap_Maid
0.33333755893665884	0.333329187579591	0.3333332534837501		2gram_menor/wap_Maid
0.3333772540601497	0.33334196826689794	0.33328077767295244		2gram_menor/wap_Maid
0.3333411129173133	0.33332323937045577	0.3333356477122309		2gram_menor/wap_Maid
0.33337787875436176	0.33335919358815597	0.33326292765748217		2gram_menor/wap_Maid
0.3333993010472697	0.3333616293830088	0.3332390695697215		2gram_menor/wap_Maid
0.3333749283525425	0.33332826343146693	0.33329680821599067		2gram_menor/wap_Maid
0.33332284136040463	0.3333338480107846	0.33334331062881073		2gram_menor/wap_Maid
0.33331897125541793	0.3333289891667124	0.3333520395778695		2gram_menor/wap_Maid
0.33332439409464426	0.3333373266096113	0.3333382792957445		2gram_menor/wap_Maid
0.33333527869656343	0.33333547278230086	0.33332924852113577		2gram_menor/wap_Maid
0.3333148866210272	0.33331312965609555	0.3333719837228772		2gram_menor/wap_Maid
0.33333357777690087	0.33330855970877277	0.3333578625143262		2gram_menor/wap_Maid
0.3333168368096776	0.33333126999748763	0.33335189319283487		2gram_menor/wap_Maid
0.3333364279071604	0.33333753902824703	0.33332603306459263		2gram_menor/wap_Maid
0.33331128516970426	0.33334445801889495	0.3333442568114006		2gram_menor/wap_Maid
0.3333250267624545	0.33333196290965994	0.3333430103278856		2gram_menor/wap_Maid
0.33335022432942324	0.33335088349219605	0.33329889217838066		2gram_menor/wap_Maid
0.3333105470273428	0.3333297534878742	0.33335969948478306		2gram_menor/wap_Maid
0.33332768371310134	0.33333516483023073	0.33333715145666803		2gram_menor/wap_Maid
0.3333250887386268	0.33332783174988323	0.33334707951149		2gram_menor/wap_Maid
0.3333498142936411	0.33330514461503136	0.3333450410913276		2gram_menor/wap_Maid
0.3333061427028604	0.33330684838174135	0.3333870089153983		2gram_menor/wap_Maid
0.33332035603946475	0.3333322445469961	0.3333473994135392		2gram_menor/wap_Maid
0.33331619354381936	0.3333290527896477	0.3333547536665329		2gram_menor/wap_Maid
0.33332879648969693	0.3333429377169954	0.33332826579330754		2gram_menor/wap_Maid
0.3333240443289836	0.333332215563265	0.3333437401077515		2gram_menor/wap_Maid
0.3333175859559995	0.3333379430593626	0.33334447098463776		2gram_menor/wap_Maid
0.33331837689558635	0.33332643932118006	0.33335518378323364		2gram_menor/wap_Maid
0.33332987497352795	0.3333346706974361	0.333335454329036		2gram_menor/wap_Maid
0.3333319785615134	0.33333637063333393	0.33333165080515265		2gram_menor/wap_Maid
0.33332024375057434	0.33333179030010857	0.3333479659493172		2gram_menor/wap_Maid
0.333322683542794	0.33332825918890796	0.33334905726829805		2gram_menor/wap_Maid
0.3333277071380129	0.33332891461378694	0.33334337824820015		2gram_menor/wap_Maid
0.3333213523473818	0.3333288702324793	0.3333497774201389		2gram_menor/wap_Maid
0.3333184140223903	0.33332587305215455	0.3333557129254552		2gram_menor/wap_Maid
0.3333260334961558	0.3333318568132158	0.33334210969062844		2gram_menor/wap_Maid
0.33332510700526335	0.33333329622515745	0.33334159676957925		2gram_menor/wap_Maid
0.3333180385115817	0.33332032993873584	0.33336163154968257		2gram_menor/wap_Maid
0.3332931388587086	0.3333588004013486	0.33334806073994294		2gram_menor/wap_Maid
0.3333216211368686	0.3333188587029865	0.3333595201601449		2gram_menor/wap_Maid
0.33333843486691184	0.3333525149301385	0.33330905020294976		2gram_menor/wap_Maid
0.33332944605311604	0.3333351744828062	0.3333353794640777		2gram_menor/wap_Maid
0.3333189074668595	0.3333328503778933	0.33334824215524717		2gram_menor/wap_Maid
0.33334137759926624	0.33335759551395494	0.3333010268867789		2gram_menor/wap_Maid
0.3333517277172236	0.3333383932885516	0.33330987899422465		2gram_menor/wap_Maid
0.3333349978779466	0.33333123483026555	0.33333376729178776		2gram_menor/wap_Maid
0.3333283275249633	0.33333522576786623	0.33333644670717044		2gram_menor/wap_Maid
0.33332167248730954	0.3333314004723805	0.33334692704030994		2gram_menor/wap_Maid
0.33333032853945566	0.3333344824356926	0.3333351890248518		2gram_menor/wap_Maid
0.3333293494489457	0.3333387399317336	0.33333191061932077		2gram_menor/wap_Maid
0.33330229287955276	0.33333188082010706	0.33336582630034023		2gram_menor/wap_Maid
0.3333013642361262	0.33334184792013627	0.3333567878437375		2gram_menor/wap_Maid
0.3333244846695156	0.33333968049427853	0.33333583483620577		2gram_menor/wap_Maid
0.3333297042160619	0.33334017215643824	0.33333012362749986		2gram_menor/wap_Maid
0.3333287649983198	0.3333547237135279	0.3333165112881523		2gram_menor/wap_Maid
0.33333128331093403	0.3333350080039299	0.333333708685136		2gram_menor/wap_Maid
0.333329864177414	0.3333354269833716	0.33333470883921434		2gram_menor/wap_Maid
0.33333156560138755	0.33333557665698704	0.33333285774162547		2gram_menor/wap_Maid
0.33331900388306	0.3333282293845884	0.3333527667323516		2gram_menor/wap_Maid
0.3333432627782486	0.33333077513234316	0.33332596208940823		2gram_menor/wap_Maid
0.33336756180482946	0.3333383995586132	0.3332940386365573		2gram_menor/wap_Maid
0.3333310484985722	0.3333211498972777	0.3333478016041501		2gram_menor/wap_Maid
0.3333349765867986	0.33334084995933416	0.3333241734538673		2gram_menor/wap_Maid
0.33337162323029496	0.3333469659467993	0.3332814108229058		2gram_menor/wap_Maid
0.3333308289143986	0.33333985631291285	0.33332931477268857		2gram_menor/wap_Maid
0.3333349756420706	0.3333458627328484	0.333319161625081		2gram_menor/wap_Maid
0.33332383307343444	0.3333403944920871	0.33333577243447843		2gram_menor/wap_Maid
0.3333250359681405	0.3333359511740077	0.33333901285785184		2gram_menor/wap_Maid
0.333315855075414	0.33333465379747457	0.33334949112711143		2gram_menor/wap_Maid
0.33334290438524306	0.333329632706211	0.33332746290854603		2gram_menor/wap_Maid
0.3333150986003495	0.333328514287056	0.3333563871125945		2gram_menor/wap_Maid
0.3333137484498722	0.33333560607427565	0.33335064547585214		2gram_menor/wap_Maid
0.33332262633994225	0.33332622587907074	0.33335114778098696		2gram_menor/wap_Maid
0.33330977014484237	0.3333364665146652	0.33335376334049255		2gram_menor/wap_Maid
0.33331895563084757	0.33333922560323415	0.3333418187659183		2gram_menor/wap_Maid
0.33333109878348294	0.333333536035806	0.33333536518071105		2gram_menor/wap_Maid
0.33332407922520507	0.33334714163691914	0.3333287791378759		2gram_menor/wap_Maid
0.3333497935346732	0.33334108394393347	0.33330912252139344		2gram_menor/wap_Maid
0.33332665032341846	0.3333412167497923	0.33333213292678926		2gram_menor/wap_Maid
0.3333203254989552	0.33334005444611836	0.3333396200549264		2gram_menor/wap_Maid
0.33333064000455703	0.3333280057992219	0.3333413541962211		2gram_menor/wap_Maid
0.3333520477870644	0.3333394342184651	0.3333085179944705		2gram_menor/wap_Maid
0.3333153874436768	0.3333311501798406	0.3333534623764826		2gram_menor/wap_Maid
0.333315254594226	0.33334167186743824	0.3333430735383358		2gram_menor/wap_Maid
0.3333308959405133	0.3333416771477809	0.3333274269117057		2gram_menor/wap_Maid
0.33331206914720474	0.3333347305080791	0.3333532003447161		2gram_menor/wap_Maid
0.33333883366327355	0.3333318816612581	0.3333292846754683		2gram_menor/wap_Maid
0.33332413662037563	0.33333485558674614	0.33334100779287806		2gram_menor/wap_Maid
0.3333345106039786	0.33334258521199134	0.33332290418403004		2gram_menor/wap_Maid
0.33331759630906915	0.3333398937569564	0.3333425099339745		2gram_menor/wap_Maid
0.3333097667413565	0.33332383084061323	0.3333664024180304		2gram_menor/wap_Maid
0.3333323283812584	0.33334088750598023	0.33332678411276134		2gram_menor/wap_Maid
0.33333271112484125	0.33333202082311414	0.3333352680520446		2gram_menor/wap_Maid
0.3333100963737614	0.3333311947250973	0.3333587089011413		2gram_menor/wap_Maid
0.33334543429746955	0.3333291025516774	0.333325463150853		2gram_menor/wap_Maid
0.33332061929768764	0.33333561450402627	0.3333437661982862		2gram_menor/wap_Maid
0.3333212707579751	0.33332989881776764	0.3333488304242573		2gram_menor/wap_Maid
0.3333206617434588	0.33333677728009753	0.3333425609764436		2gram_menor/wap_Maid
0.333304089220539	0.33333273663995505	0.3333631741395059		2gram_menor/wap_Maid
0.33332626424780165	0.3333453587809414	0.3333283769712569		2gram_menor/wap_Maid
0.3333324976178818	0.33334342009604834	0.3333240822860698		2gram_menor/wap_Maid
0.333326600475542	0.3333454719072664	0.3333279276171917		2gram_menor/wap_Maid
0.33332502159419564	0.3333361699357686	0.3333388084700357		2gram_menor/wap_Maid
0.333335011190574	0.33332664938683715	0.33333833942258884		2gram_menor/wap_Maid
0.33331743742932035	0.3333335307316286	0.33334903183905107		2gram_menor/wap_Maid
0.333322839823189	0.33333398049380497	0.33334317968300603		2gram_menor/wap_Maid
0.33332453811231905	0.3333289034038153	0.33334655848386563		2gram_menor/wap_Maid
0.3333260622071323	0.3333269514661865	0.3333469863266812		2gram_menor/wap_Maid
0.333331969345712	0.3333406845790165	0.33332734607527154		2gram_menor/wap_Maid
0.3333287437918136	0.3333379799440423	0.33333327626414405		2gram_menor/wap_Maid
0.33332670119596924	0.3333327358179823	0.33334056298604847		2gram_menor/wap_Maid
0.33332278400436666	0.33333363604221317	0.3333435799534201		2gram_menor/wap_Maid
0.3333297285851899	0.333324147170448	0.3333461242443621		2gram_menor/wap_Maid
0.3332983961378698	0.3333342463691739	0.33336735749295626		2gram_menor/wap_Maid
0.33334251883363236	0.33335678362017074	0.3333006975461969		2gram_menor/wap_Maid
0.33331560560466234	0.3333310301846737	0.333353364210664		2gram_menor/wap_Maid
0.33332052549073476	0.333321914302861	0.33335756020640434		2gram_menor/wap_Maid
0.333319731537048	0.3333283771732793	0.33335189128967263		2gram_menor/wap_Maid
0.3333277905999344	0.3333381384921164	0.3333340709079492		2gram_menor/wap_Maid
0.33332793041161507	0.3333432818964865	0.3333287876918985		2gram_menor/wap_Maid
0.33333933580857333	0.3333247702284334	0.3333358939629934		2gram_menor/wap_Maid
0.33335167843565305	0.3333438349105588	0.3333044866537881		2gram_menor/wap_Maid
0.33332894773648925	0.33333080550615624	0.33334024675735446		2gram_menor/wap_Maid
0.3333291006151436	0.33333962545402157	0.33333127393083467		2gram_menor/wap_Maid
0.3333216671062878	0.3333294871987492	0.33334884569496304		2gram_menor/wap_Maid
0.3333307116267359	0.3333328265059752	0.3333364618672889		2gram_menor/wap_Maid
0.33335831549124334	0.3333895657371208	0.3332521187716359		2gram_menor/wap_Maid
0.3333384757710603	0.33333177669443237	0.33332974753450717		2gram_menor/wap_Maid
0.33332404571002516	0.3333402338945587	0.3333357203954162		2gram_menor/wap_Maid
0.33334288054195327	0.3333358285643934	0.3333212908936533		2gram_menor/wap_Maid
0.33330402299874823	0.333311435298543	0.3333845417027088		2gram_menor/wap_Maid
0.3333242327632503	0.33333805358110297	0.3333377136556469		2gram_menor/wap_Maid
0.3333032781889449	0.3333283287010188	0.3333683931100363		2gram_menor/wap_Maid
0.3333228195244198	0.33335234517704315	0.3333248352985371		2gram_menor/wap_Maid
0.3333341289227259	0.33334439189880694	0.33332147917846705		2gram_menor/wap_Maid
0.3333401979198226	0.33334132718986953	0.33331847489030786		2gram_menor/wap_Maid
0.333307646086613	0.3333247010010117	0.33336765291237525		2gram_menor/wap_Maid
0.33333427554216116	0.33334353438597325	0.33332219007186553		2gram_menor/wap_Maid
0.3333203055463934	0.3333411722572946	0.33333852219631205		2gram_menor/wap_Maid
0.3333252505947247	0.3333358002294904	0.3333389491757849		2gram_menor/wap_Maid
0.33331853461973776	0.3333338487977097	0.3333476165825524		2gram_menor/wap_Maid
0.3333286405705714	0.3333313669036535	0.33333999252577506		2gram_menor/wap_Maid
0.3333148465815775	0.33333580364335047	0.33334934977507197		2gram_menor/wap_Maid
0.33330239414394786	0.33334050579797514	0.333357100058077		2gram_menor/wap_Maid
0.3333327281550942	0.33333728209875235	0.3333299897461534		2gram_menor/wap_Maid
0.3333185562017936	0.33333606161431484	0.3333453821838915		2gram_menor/wap_Maid
0.3333282997678939	0.3333263713828519	0.3333453288492542		2gram_menor/wap_Maid
0.3333425033183436	0.3333241493531434	0.33333334732851294		2gram_menor/wap_Maid
0.33330885653411296	0.3333378823614578	0.3333532611044291		2gram_menor/wap_Maid
0.33332623211660833	0.3333237984553758	0.33334996942801576		2gram_menor/wap_Maid
0.3333245796596926	0.3333345609215997	0.33334085941870767		2gram_menor/wap_Maid
0.333319865956485	0.33333175607765153	0.3333483779658635		2gram_menor/wap_Maid
0.33332154469448466	0.333336845162584	0.33334161014293134		2gram_menor/wap_Maid
0.3333197305863451	0.333344723117707	0.33333554629594786		2gram_menor/wap_Maid
0.33328716522673013	0.33333113337829473	0.3333817013949752		2gram_menor/wap_Maid
0.3333245643638409	0.33332984408789385	0.3333455915482653		2gram_menor/wap_Maid
0.3333285784848855	0.33333714082471105	0.33333428069040344		2gram_menor/wap_Maid
0.33332470354340327	0.3333372844466076	0.33333801200998925		2gram_menor/wap_Maid
0.33330976113343197	0.33333639613487265	0.33335384273169527		2gram_menor/wap_Maid
0.33330992685405864	0.33332737646941324	0.33336269667652824		2gram_menor/wap_Maid
0.3333105504937189	0.3333305804573405	0.33335886904894063		2gram_menor/wap_Maid
0.33333467437622843	0.33334325767776013	0.3333220679460113		2gram_menor/wap_Maid
0.3333232069515303	0.3333355010160748	0.33334129203239493		2gram_menor/wap_Maid
0.3333127814758969	0.3333345694187806	0.3333526491053226		2gram_menor/wap_Maid
0.3333225378883577	0.3333273884686849	0.3333500736429574		2gram_menor/wap_Maid
0.33332158017763197	0.3333279860945961	0.33335043372777184		2gram_menor/wap_Maid
0.3333094151002495	0.33332864804239687	0.3333619368573536		2gram_menor/wap_Maid
0.33332605035726615	0.33333296074496677	0.33334098889776703		2gram_menor/wap_Maid
0.333315615198152	0.3333385592015393	0.3333458256003086		2gram_menor/wap_Maid
0.33333462757307336	0.33334144708624247	0.33332392534068417		2gram_menor/wap_Maid
0.3333100863495608	0.33334958420238414	0.33334032944805514		2gram_menor/wap_Maid
0.3333371950286513	0.33333375253556535	0.3333290524357833		2gram_menor/wap_Maid
0.33333459457438025	0.33334102185363823	0.3333243835719817		2gram_menor/wap_Maid
0.33333723635568363	0.33333177442401507	0.33333098922030135		2gram_menor/wap_Maid
0.3333415379365324	0.3333458001942713	0.3333126618691964		2gram_menor/wap_Maid
0.33333103834398975	0.33333407058766984	0.33333489106834036		2gram_menor/wap_Maid
0.3333348361830579	0.33334106034975386	0.33332410346718827		2gram_menor/wap_Maid
0.33332992581197884	0.3333374826360974	0.33333259155192363		2gram_menor/wap_Maid
0.3333246301293634	0.33333905915107115	0.3333363107195654		2gram_menor/wap_Maid
0.3333281414784158	0.33333680762760354	0.3333350508939807		2gram_menor/wap_Maid
0.33332554260027686	0.3333249903970803	0.3333494670026429		2gram_menor/wap_Maid
0.33332793558907076	0.3333498745364322	0.333322189874497		2gram_menor/wap_Maid
0.3333515772855665	0.33332206059928726	0.3333263621151461		2gram_menor/wap_Maid
0.3333197056257594	0.33333223386975697	0.3333480605044836		2gram_menor/wap_Maid
0.3333334140766108	0.33334267490377817	0.33332391101961106		2gram_menor/wap_Maid
0.3333238310268653	0.33333359053831646	0.33334257843481824		2gram_menor/wap_Maid
0.3333434292506082	0.333360938224048	0.3332956325253438		2gram_menor/wap_Maid
0.3333301662142454	0.3333378135722163	0.3333320202135383		2gram_menor/wap_Maid
0.33332671573957146	0.3333437099671529	0.3333295742932756		2gram_menor/wap_Maid
0.3333264175487866	0.33333579758167126	0.3333377848695421		2gram_menor/wap_Maid
0.33334693690703787	0.3333477831636827	0.3333052799292795		2gram_menor/wap_Maid
0.33332858561028234	0.33333329182969096	0.3333381225600267		2gram_menor/wap_Maid
0.3333157244818575	0.33334997281931805	0.3333343026988244		2gram_menor/wap_Maid
0.3333101016032756	0.33333066915187715	0.3333592292448472		2gram_menor/wap_Maid
0.33331652153859376	0.3333397182104075	0.33334376025099877		2gram_menor/wap_Maid
0.3333386487524541	0.3333591872154003	0.3333021640321455		2gram_menor/wap_Maid
0.3333295114399499	0.3333377299764762	0.3333327585835739		2gram_menor/wap_Maid
0.3333107509093142	0.3333327275406265	0.33335652155005935		2gram_menor/wap_Maid
0.33333223672551227	0.33334511007591183	0.33332265319857574		2gram_menor/wap_Maid
0.3333184996785213	0.3333320684685326	0.3333494318529462		2gram_menor/wap_Maid
0.33332322302482476	0.3333365131718097	0.33334026380336557		2gram_menor/wap_Maid
0.3333197845015995	0.333335235684314	0.33334497981408656		2gram_menor/wap_Maid
0.33331811079527224	0.3333323218244277	0.3333495673803001		2gram_menor/wap_Maid
0.3333388031460186	0.33331716194769473	0.33334403490628656		2gram_menor/wap_Maid
0.3333166342315921	0.33333852527309255	0.3333448404953154		2gram_menor/wap_Maid
0.33333280455296066	0.3333512679247996	0.33331592752223976		2gram_menor/wap_Maid
0.3333186770519433	0.3333390461376084	0.3333422768104482		2gram_menor/wap_Maid
0.3333150701209925	0.33333430301523415	0.33335062686377337		2gram_menor/wap_Maid
0.3333226377293294	0.333336410414588	0.3333409518560827		2gram_menor/wap_Maid
0.33333685305445576	0.3333417441386847	0.33332140280685946		2gram_menor/wap_Maid
0.333338834150745	0.33337188260555445	0.3332892832437007		2gram_menor/wap_Maid
0.33334746555868716	0.3333362826696178	0.33331625177169516		2gram_menor/wap_Maid
0.3333171976050835	0.3333379593520113	0.3333448430429051		2gram_menor/wap_Maid
0.33333292556730837	0.33333786508939045	0.3333292093433012		2gram_menor/wap_Maid
0.3333352619409097	0.33332428609948683	0.33334045195960343		2gram_menor/wap_Maid
0.3333369717639234	0.3333197495826794	0.33334327865339713		2gram_menor/wap_Maid
0.3333352957514577	0.3333306825743366	0.33333402167420567		2gram_menor/wap_Maid
0.3333328292385116	0.3333272769976321	0.33333989376385625		2gram_menor/wap_Maid
0.3333374732081427	0.33333884611084247	0.3333236806810149		2gram_menor/wap_Maid
0.3333324815655012	0.33333937824543225	0.3333281401890665		2gram_menor/wap_Maid
0.3333322583098877	0.3333419509712265	0.3333257907188857		2gram_menor/wap_Maid
0.33334671258342213	0.33335662753057466	0.3332966598860034		2gram_menor/wap_Maid
0.33330918432236106	0.33333339144800933	0.3333574242296296		2gram_menor/wap_Maid
0.33331640056791073	0.3333334081285863	0.33335019130350296		2gram_menor/wap_Maid
0.33331755262077	0.33332498163509183	0.33335746574413816		2gram_menor/wap_Maid
0.33333856521938393	0.3333421123806908	0.3333193223999254		2gram_menor/wap_Maid
0.33334046677607176	0.33337695135335504	0.33328258187057325		2gram_menor/wap_Maid
0.33332197608391223	0.33333717213097025	0.3333408517851174		2gram_menor/wap_Maid
0.3333461118269803	0.3333315592904698	0.3333223288825498		2gram_menor/wap_Maid
0.33332414033625524	0.3333293609221027	0.3333464987416421		2gram_menor/wap_Maid
0.333342548923821	0.33333150382422033	0.3333259472519587		2gram_menor/wap_Maid
0.33332167276492797	0.3333409212442853	0.3333374059907867		2gram_menor/wap_Maid
0.333330179915477	0.3333412071721953	0.3333286129123277		2gram_menor/wap_Maid
0.3333213306706895	0.33333201973341686	0.33334664959589366		2gram_menor/wap_Maid
0.33333725059040914	0.33335003460898877	0.333312714800602		2gram_menor/wap_Maid
0.3333232264585242	0.3333441571782187	0.3333326163632572		2gram_menor/wap_Maid
0.3333196131204086	0.3333358713681496	0.33334451551144173		2gram_menor/wap_Maid
0.33332273048674504	0.3333296619780006	0.33334760753525444		2gram_menor/wap_Maid
0.3333143975634246	0.33332284310982774	0.33336275932674775		2gram_menor/wap_Maid
0.33333325317156765	0.3333357354029949	0.3333310114254376		2gram_menor/wap_Maid
0.3333278174047973	0.3333344503865285	0.33333773220867424		2gram_menor/wap_Maid
0.33331354602249724	0.3333006923010952	0.33338576167640754		2gram_menor/wap_Maid
0.3333032671254855	0.33332822337634677	0.3333685094981677		2gram_menor/wap_Maid
0.3333197288811296	0.3333357167259797	0.3333445543928907		2gram_menor/wap_Maid
0.33331452797115113	0.3333289047551936	0.33335656727365526		2gram_menor/wap_Maid
0.33332438045055385	0.3333464257502833	0.33332919379916287		2gram_menor/wap_Maid
0.3333317054759365	0.3333329931484742	0.3333353013755893		2gram_menor/wap_Maid
0.3333177580557701	0.33333324538188547	0.33334899656234457		2gram_menor/wap_Maid
0.3333352678805105	0.33330985262466745	0.33335487949482207		2gram_menor/wap_Maid
0.33332159300869824	0.33332723510012335	0.3333511718911784		2gram_menor/wap_Maid
0.3333280001785775	0.33333584356474555	0.33333615625667695		2gram_menor/wap_Maid
0.3333193718865483	0.33334315235168877	0.3333374757617631		2gram_menor/wap_Maid
0.3333272114880619	0.33336150483272414	0.3333112836792139		2gram_menor/wap_Maid
0.333335551649804	0.33333572455506694	0.3333287237951292		2gram_menor/wap_Maid
0.3333360880503177	0.3333368766198524	0.3333270353298299		2gram_menor/wap_Maid
0.33332576478935483	0.3333345382342487	0.33333969697639654		2gram_menor/wap_Maid
0.3333038013979657	0.33332741098774527	0.33336878761428906		2gram_menor/wap_Maid
0.3333240513826259	0.3333318799859225	0.3333440686314517		2gram_menor/wap_Maid
0.3333270246422677	0.33335125240531555	0.3333217229524167		2gram_menor/wap_Maid
0.33331410509868475	0.3333397653507368	0.33334612955057846		2gram_menor/wap_Maid
0.3333498845015437	0.33333868928515553	0.3333114262133009		2gram_menor/wap_Maid
0.33333269001641547	0.3333311446933249	0.33333616529025967		2gram_menor/wap_Maid
0.33333388297944894	0.3333505466719331	0.3333155703486181		2gram_menor/wap_Maid
0.3333150331179784	0.3333350069871151	0.3333499598949066		2gram_menor/wap_Maid
0.33332739042414505	0.3333186244098915	0.33335398516596354		2gram_menor/wap_Maid
0.33332511275502624	0.3333364205026226	0.3333384667423511		2gram_menor/wap_Maid
0.33333374998950227	0.3333483695808501	0.33331788042964744		2gram_menor/wap_Maid
0.33334038781377806	0.3333325731955832	0.33332703899063876		2gram_menor/wap_Maid
0.3333196240241912	0.33333650643473134	0.33334386954107736		2gram_menor/wap_Maid
0.33334026457531735	0.3333419038218294	0.3333178316028532		2gram_menor/wap_Maid
0.33333600844893	0.33333679774720004	0.33332719380387		2gram_menor/wap_Maid
0.3333382899820852	0.33334475904134075	0.3333169509765741		2gram_menor/wap_Maid
0.33333659340961863	0.333336810356674	0.3333265962337073		2gram_menor/wap_Maid
0.3333150805606781	0.3333348629568468	0.3333500564824751		2gram_menor/wap_Maid
0.33334415948509516	0.33335579462760284	0.33330004588730194		2gram_menor/wap_Maid
0.3333419310477443	0.333332862888553	0.3333252060637027		2gram_menor/wap_Maid
0.33333941208247797	0.33334827089189034	0.3333123170256317		2gram_menor/wap_Maid
0.3333467780012037	0.33333335677404813	0.33331986522474816		2gram_menor/wap_Maid
0.33336543150184095	0.33332470770343814	0.33330986079472086		2gram_menor/wap_Maid
0.33333447219421786	0.33333096648689864	0.33333456131888356		2gram_menor/wap_Maid
0.3333378794930475	0.3333402802393143	0.3333218402676382		2gram_menor/wap_Maid
0.33332861987549084	0.33333947499993544	0.3333319051245737		2gram_menor/wap_Maid
0.3333058138007233	0.33333073227991	0.3333634539193667		2gram_menor/wap_Maid
0.3333263338897379	0.3333311275433774	0.3333425385668847		2gram_menor/wap_Maid
0.3333221141603105	0.3333306888845003	0.33334719695518933		2gram_menor/wap_Maid
0.3333131108722658	0.3333279824626747	0.3333589066650596		2gram_menor/wap_Maid
0.3333279424308689	0.3333428246694267	0.3333292328997044		2gram_menor/wap_Maid
0.3333019741214104	0.33333741937505385	0.3333606065035357		2gram_menor/wap_Maid
0.33333064704443904	0.33333806865426346	0.3333312843012974		2gram_menor/wap_Maid
0.3333412374206747	0.3333337635254422	0.3333249990538829		2gram_menor/wap_Maid
0.33334113402661886	0.3333245889444677	0.33333427702891333		2gram_menor/wap_Maid
0.3333349573411969	0.3333437102664041	0.33332133239239903		2gram_menor/wap_Maid
0.33332405317735647	0.3333288246978672	0.33334712212477635		2gram_menor/wap_Maid
0.3333456063682786	0.333338347024282	0.33331604660743946		2gram_menor/wap_Maid
0.3333281993059812	0.33333374455182563	0.33333805614219325		2gram_menor/wap_Maid
0.33330379718109254	0.33332999502472427	0.33336620779418324		2gram_menor/wap_Maid
0.33333346447340706	0.33333669601605953	0.33332983951053335		2gram_menor/wap_Maid
0.3333305576414645	0.3333227448097944	0.3333466975487412		2gram_menor/wap_Maid
0.3333252201979873	0.33333439297148104	0.33334038683053163		2gram_menor/wap_Maid
0.33332792939728817	0.3333341943066012	0.3333378762961106		2gram_menor/wap_Maid
0.33333307537831036	0.33332563650537184	0.3333412881163179		2gram_menor/wap_Maid
0.33333389283795883	0.33333738348005715	0.333328723681984		2gram_menor/wap_Maid
0.3333247017689199	0.33333173562697205	0.333343562604108		2gram_menor/wap_Maid
0.3333113962314441	0.3333377350251398	0.3333508687434162		2gram_menor/wap_Maid
0.3333349395064078	0.3333407686927076	0.3333242918008847		2gram_menor/wap_Maid
0.3333638733242211	0.3333823381429287	0.3332537885328502		2gram_menor/wap_Maid
0.33332593392964743	0.33332562477592026	0.33334844129443236		2gram_menor/wap_Maid
0.3333328408480353	0.3333335171470352	0.3333336420049296		2gram_menor/wap_Maid
0.3333189626653383	0.333341945023106	0.3333390923115558		2gram_menor/wap_Maid
0.33333332295945245	0.3333256608036611	0.33334101623688633		2gram_menor/wap_Maid
0.3333203441556542	0.3333294056802438	0.333350250164102		2gram_menor/wap_Maid
0.333336023324739	0.33333613020917213	0.3333278464660889		2gram_menor/wap_Maid
0.3333237583957419	0.33333834645195215	0.3333378951523059		2gram_menor/wap_Maid
0.3333331930694355	0.33334216297018293	0.3333246439603816		2gram_menor/wap_Maid
0.3333614647298534	0.33333800042967127	0.3333005348404754		2gram_menor/wap_Maid
0.33334828968102326	0.33334871475772243	0.3333029955612544		2gram_menor/wap_Maid
0.3333232294074259	0.3333337285272351	0.3333430420653389		2gram_menor/wap_Maid
0.33334737068003795	0.3333448837878318	0.3333077455321304		2gram_menor/wap_Maid
0.33332403450139314	0.33333700375885356	0.33333896173975347		2gram_menor/wap_Maid
0.3333261844422811	0.33332974471006904	0.33334407084764983		2gram_menor/wap_Maid
0.33333135668560865	0.3333499815320383	0.33331866178235303		2gram_menor/wap_Maid
0.3333292884774124	0.33333668846519	0.33333402305739757		2gram_menor/wap_Maid
0.33335387959869317	0.3333457067459246	0.33330041365538204		2gram_menor/wap_Maid
0.3333276096863171	0.3333347528794659	0.333337637434217		2gram_menor/wap_Maid
0.3333427785642058	0.33333985355608625	0.3333173678797079		2gram_menor/wap_Maid
0.33332300478082033	0.33333566359714695	0.33334133162203283		2gram_menor/wap_Maid
0.33335243884861515	0.3333432472235731	0.3333043139278117		2gram_menor/wap_Maid
0.33332586510209	0.33333454949589	0.3333395854020201		2gram_menor/wap_Maid
0.33332531573568897	0.33335636156768855	0.33331832269662237		2gram_menor/wap_Maid
0.33332835900899477	0.33333367256190227	0.333337968429103		2gram_menor/wap_Maid
0.33333954440558566	0.333342376639947	0.3333180789544673		2gram_menor/wap_Maid
0.333325666214509	0.3333289560578875	0.3333453777276036		2gram_menor/wap_Maid
0.33332279939091974	0.3333323512148796	0.3333448493942007		2gram_menor/wap_Maid
0.3333210858086306	0.3333305615801284	0.333348352611241		2gram_menor/wap_Maid
0.33333116994101175	0.3333401177984382	0.33332871226055005		2gram_menor/wap_Maid
0.33332235503460644	0.3333164923231861	0.33336115264220745		2gram_menor/wap_Maid
0.3333370253702478	0.3333391660870437	0.33332380854270854		2gram_menor/wap_Maid
0.3333290717513191	0.33333844100460525	0.3333324872440756		2gram_menor/wap_Maid
0.3333401666333021	0.3333510749318654	0.3333087584348325		2gram_menor/wap_Maid
0.33331988297603954	0.333328812660413	0.3333513043635475		2gram_menor/wap_Maid
0.33333216832890283	0.33334866823290316	0.333319163438194		2gram_menor/wap_Maid
0.3333267003413265	0.3333337435553458	0.3333395561033276		2gram_menor/wap_Maid
0.3333352005120313	0.3333401278603671	0.3333246716276015		2gram_menor/wap_Maid
0.33332761628809465	0.33334133138335326	0.33333105232855215		2gram_menor/wap_Maid
0.33332219761394594	0.33333588899318956	0.33334191339286456		2gram_menor/wap_Maid
0.3333279103425562	0.3333321014617237	0.33333998819571997		2gram_menor/wap_Maid
0.3333173145381869	0.33333082684793447	0.33335185861387856		2gram_menor/wap_Maid
0.3333462118868887	0.3333379879935196	0.3333158001195918		2gram_menor/wap_Maid
0.33332959609220103	0.3333374294575268	0.3333329744502722		2gram_menor/wap_Maid
0.33333797979877544	0.33332764132021897	0.3333343788810055		2gram_menor/wap_Maid
0.33332154461840136	0.33333764045015474	0.333340814931444		2gram_menor/wap_Maid
0.3333373918575539	0.33332705761950643	0.3333355505229397		2gram_menor/wap_Maid
0.33333621791862705	0.3333652202020446	0.33329856187932827		2gram_menor/wap_Maid
0.33332027157947025	0.3333300091565538	0.3333497192639761		2gram_menor/wap_Maid
0.3333279071902273	0.33333794645491516	0.33333414635485753		2gram_menor/wap_Maid
0.33332546091870463	0.3333317867597668	0.3333427523215285		2gram_menor/wap_Maid
0.3333214551204942	0.3333372840514951	0.3333412608280107		2gram_menor/wap_Maid
0.3333419513444504	0.33336313796097367	0.33329491069457595		2gram_menor/wap_Maid
0.3333269679277007	0.3333428119636243	0.333330220108675		2gram_menor/wap_Maid
0.33335282891208584	0.3333526938249615	0.33329447726295275		2gram_menor/wap_Maid
0.3333353432435692	0.3333357564653915	0.33332890029103934		2gram_menor/wap_Maid
0.3333204517991029	0.3333283905538301	0.3333511576470669		2gram_menor/wap_Maid
0.3333334129940601	0.33332477541252137	0.3333418115934186		2gram_menor/wap_Maid
0.3333223844489011	0.33333982631859954	0.3333377892324994		2gram_menor/wap_Maid
0.33336133900755643	0.3333333961463606	0.33330526484608297		2gram_menor/wap_Maid
0.3333423557475349	0.3333305795462609	0.3333270647062042		2gram_menor/wap_Maid
0.3333374237555874	0.33334387517731356	0.3333187010670991		2gram_menor/wap_Maid
0.3333227653510232	0.33333359725920514	0.3333436373897717		2gram_menor/wap_Maid
0.3333205686512797	0.33332907878504864	0.33335035256367174		2gram_menor/wap_Maid
0.33332742970379076	0.3333316609243023	0.33334090937190686		2gram_menor/wap_Maid
0.3333156870853386	0.33332364315177476	0.33336066976288664		2gram_menor/wap_Maid
0.333335666282254	0.3333330237797215	0.3333313099380245		2gram_menor/wap_Maid
0.33332356137765434	0.3333374947179853	0.3333389439043604		2gram_menor/wap_Maid
0.33333762652143056	0.3333347893646466	0.3333275841139229		2gram_menor/wap_Maid
0.3333313007667225	0.33333155852866597	0.3333371407046115		2gram_menor/wap_Maid
0.3333220294075222	0.33333060229870026	0.3333473682937776		2gram_menor/wap_Maid
0.3333405572803239	0.33333893488176464	0.3333205078379114		2gram_menor/wap_Maid
0.3333107092633331	0.33331980696643304	0.3333694837702338		2gram_menor/wap_Maid
0.33333204029132785	0.33333325492101995	0.3333347047876522		2gram_menor/wap_Maid
0.3333300299757837	0.333327629243186	0.3333423407810303		2gram_menor/wap_Maid
0.33332860543063636	0.3333280165326789	0.3333433780366848		2gram_menor/wap_Maid
