0.010342785711312455	0.01072175426043063	0.9789354600282568		0.00
0.3988663875046161	0.2977079735423266	0.3034256389530574		0.00
0.28961445121532525	0.3942676514875725	0.3161178972971022		0.00
0.018347075451446565	0.022332788629771387	0.9593201359187821		0.00
5.9590948234782846E-6	0.9999859118724379	8.129032738553342E-6		0.00
0.33166334741372144	0.3339372833932643	0.3343993691930144		0.00
0.3342435411346983	0.33120496805079924	0.33455149081450253		0.00
0.33269815704239214	0.3329808396529409	0.33432100330466696		0.00
0.18720876737034345	0.1923375185722245	0.620453714057432		0.00
0.304515472869588	0.30785098571949576	0.3876335414109162		0.00
0.33045441838836637	0.335030001077644	0.33451558053398955		0.00
0.3307682310385362	0.3354325251329757	0.33379924382848813		0.00
0.33349131632577017	0.33064228236171805	0.3358664013125118		0.00
0.4858032985592663	0.2563840079443501	0.2578126934963836		0.05
0.339017600423698	0.32840686681833375	0.3325755327579682		0.00
0.34279125530843296	0.32794581514944293	0.32926292954212394		0.00
0.331163901211225	0.33687356658678586	0.331962532201989		0.00
0.3322875203413005	0.3319710568283863	0.3357414228303133		0.00
0.33334911522979216	0.3311775906831978	0.3354732940870101		0.00
0.24007027314550788	0.49802271391729447	0.26190701293719765		0.00
0.3499040538160239	0.3231424787661914	0.32695346741778464		0.00
0.48714948734773933	0.2547174150011927	0.25813309765106807		1.00
0.3312315841098635	0.33220610512419846	0.3365623107659381		0.00
0.3334261118422426	0.3331486518653389	0.33342523629241855		0.00
0.3464094249804051	0.32465140244453694	0.32893917257505795		0.00
0.33537510572797713	0.33227420923189444	0.3323506850401285		0.00
0.06669476772373724	0.8635542281286385	0.06975100414762425		0.00
0.3345446982097622	0.33637308512687153	0.32908221666336634		0.00
0.4722088755121009	0.2629760946830778	0.26481502980482113		0.00
0.33399265904277275	0.33262862990204106	0.3333787110551862		0.00
0.9999806497747141	9.145310322707699E-6	1.0204914963315032E-5		0.00
0.41934597259610995	0.2795408782496146	0.3011131491542755		0.00
0.4127839220541389	0.28214312510947004	0.305072952836391		0.00
0.31261371372134583	0.3118336495135972	0.37555263676505707		0.00
0.32271683166186915	0.33163158304211504	0.3456515852960158		0.00
0.24422992044539946	0.25509038720605925	0.5006796923485414		0.00
0.14012800656002725	0.7051283911099376	0.15474360233003515		0.00
0.3338053572115694	0.3330871480031931	0.3331074947852374		0.00
0.3514907295178904	0.32035588849854885	0.32815338198356087		0.00
0.8851854430388025	0.056429811134439546	0.058384745826757935		0.00
0.3613425075160715	0.3149586753636032	0.3236988171203253		0.00
0.20949214821962345	0.5645992168078623	0.22590863497251426		0.00
0.23486697279955682	0.2389940610892183	0.5261389661112248		0.00
0.254279631965387	0.2550374934003907	0.4906828746342222		0.00
0.32184716517474593	0.34961540625645326	0.3285374285688009		0.00
0.360295383361064	0.3126982574911576	0.3270063591477784		0.00
0.3506211956807713	0.3201300406975529	0.32924876362167577		0.00
0.33367882961455864	0.33389845994864825	0.3324227104367931		0.00
0.31202255519925115	0.31135134864185043	0.37662609615889847		0.00
0.23688468586926176	0.2494879224416428	0.5136273916890954		0.00
0.3119514663545475	0.31717793203069405	0.37087060161475843		0.00
